-23.400000,-1.500000,50.250000,2.070984,-1.740585,9.605537,0.166939,-0.203844,0.314292,0.086201
-24.450001,-1.350000,48.599998,2.813187,-1.673547,9.071630,0.035573,-0.061420,0.370916,0.087272
-23.700001,-2.400000,49.650002,2.075773,-1.910573,9.653421,0.102055,-0.201446,0.358792,0.086979
-23.700001,-4.500000,48.599998,2.631228,-1.367089,9.265560,0.063018,-0.112580,0.632315,0.087009
-24.299999,-7.350000,49.049999,2.609680,-1.592144,9.567230,0.026646,0.032508,1.060654,0.086992
-24.299999,-7.350000,49.049999,2.679112,-1.912967,9.488221,0.067815,-0.576225,0.534124,0.087011
-23.850000,-10.050000,47.700001,3.169923,-1.376666,9.078813,0.005462,0.008926,0.122972,0.086743
-25.799999,-9.750000,48.299999,2.753332,-0.960075,9.287108,0.483230,0.010925,0.203844,0.087258
-22.950001,-8.700000,49.349998,2.595315,-0.538695,9.481039,0.386770,0.188522,-0.007861,0.087007
-22.500000,-6.000000,49.650002,2.662352,-0.311246,9.349358,0.125237,0.259801,-0.097259,0.086991
-21.450001,-7.200000,49.650002,2.568978,-0.404620,9.488221,-0.063152,0.406888,-0.078873,0.087009
-20.100000,-6.150000,50.549999,1.771709,-0.421380,9.746795,-0.057556,0.582487,-0.105919,0.086990
-19.799999,-5.250000,52.349998,1.170765,-0.191536,9.725247,-0.032508,0.386504,0.048230,0.087011
-17.250000,-7.200000,52.650002,1.146823,-0.440533,9.710882,-0.038904,0.513207,0.035306,0.086993
-14.700000,-6.600000,54.750000,0.823605,-0.318429,9.734824,-0.039570,0.065949,0.048496,0.087020
-16.500000,-6.000000,55.950001,0.835576,-0.287304,9.832987,-0.048096,0.081671,0.066083,0.086991
-14.850000,-6.000000,55.650002,0.826000,-0.308852,9.773131,-0.047297,0.063285,0.009726,0.087010
-14.550000,-6.000000,55.950001,0.682347,-0.332794,9.761160,-0.052360,0.097392,-0.033308,0.086989
-15.750000,-5.250000,55.650002,0.711078,-0.375890,9.684546,-0.052893,0.074343,-0.015188,0.087011
-13.800000,-6.000000,54.450001,0.660800,-0.337582,9.770737,-0.095260,0.103920,-0.001066,0.086990
-13.800000,-6.000000,54.450001,0.500388,-0.344765,9.701305,-0.067548,0.065550,0.009726,0.087013
-14.700000,-8.550000,56.549999,0.560243,-0.337582,9.868899,-0.062219,0.035573,-0.009992,0.086991
-13.350000,-6.750000,55.650002,0.464475,-0.466869,9.797073,-0.061153,0.044899,0.008793,0.087005
-14.100000,-6.750000,55.650002,0.399832,-0.450110,9.830592,-0.075409,0.056090,0.031043,0.086992
-13.650000,-7.350000,55.500000,0.375890,-0.478840,9.773131,-0.055957,0.016254,-0.012790,0.087012
-14.400000,-6.900000,55.500000,0.404620,-0.452504,9.842564,-0.063551,0.029044,-0.019452,0.086987
-14.400000,-8.100000,56.250000,0.409408,-0.430956,9.816227,-0.046231,0.010525,-0.016920,0.087008
-13.800000,-9.150000,55.200001,0.433351,-0.481235,9.828198,-0.049562,0.015988,-0.010792,0.086989
-13.650000,-7.350000,54.299999,0.392649,-0.418985,9.792285,-0.048096,0.019851,-0.014789,0.087012
-12.300000,-6.750000,54.150002,0.387861,-0.402226,9.856929,-0.048896,0.027712,-0.001998,0.086992
-15.150000,-7.800000,55.500000,0.387861,-0.505177,9.866506,-0.059821,0.025714,-0.014789,0.087004
-13.350000,-6.750000,55.950001,0.392649,-0.452504,9.856929,-0.059688,0.030643,-0.013856,0.086996
-13.350000,-6.750000,55.950001,0.287304,-0.548272,9.885659,-0.113380,0.109783,-0.005995,0.087008
-13.200000,-7.800000,55.799999,0.289698,-0.507571,9.856929,-0.075809,0.045698,-0.012657,0.086991
-13.350000,-8.400000,56.400002,0.277727,-0.567426,9.770737,-0.057023,0.025714,-0.011858,0.087013
-12.150000,-7.350000,56.549999,0.260968,-0.560243,9.854534,-0.071012,0.038770,-0.008793,0.086987
-12.300000,-8.400000,55.650002,0.251391,-0.581791,9.871294,-0.058355,0.025580,-0.021184,0.087014
-13.350000,-9.150000,55.950001,0.256180,-0.567426,9.804255,-0.065150,0.031975,-0.007061,0.086990
-13.350000,-8.400000,56.700001,0.222661,-0.617704,9.830592,-0.063818,0.042101,-0.009593,0.087009
-13.650000,-6.600000,55.799999,0.201113,-0.586579,9.797073,-0.045165,0.010925,-0.013590,0.086989
-11.850000,-7.500000,55.650002,0.179565,-0.603339,9.806650,-0.044766,0.007328,-0.015855,0.087012
-12.150000,-8.100000,55.799999,0.174777,-0.538695,9.813833,-0.055557,0.012790,-0.009992,0.086989
-12.150000,-9.750000,56.549999,0.227449,-0.636858,9.804255,-0.058355,0.013323,-0.012391,0.087012
-12.450000,-8.550000,56.250000,0.203507,-0.624887,9.753978,-0.067815,0.010525,-0.009859,0.086989
-12.150000,-9.000000,56.549999,0.093374,-0.754174,9.773131,-0.030643,0.014389,-0.015588,0.087007
-12.600000,-9.150000,55.950001,0.189142,-0.565032,9.775525,-0.045032,0.006928,-0.009326,0.086994
-13.200000,-9.300000,56.250000,0.138864,-0.610521,9.804255,-0.047297,0.011058,-0.009859,0.087009
-12.150000,-8.100000,56.549999,0.158017,-0.581791,9.787497,-0.055957,0.014256,-0.014522,0.086990
-12.150000,-8.100000,56.549999,0.158017,-0.596156,9.816227,-0.048496,0.011325,-0.012524,0.087011
-12.600000,-7.950000,56.400002,0.150835,-0.591368,9.809045,-0.050495,0.007861,-0.013323,0.086989
-10.800000,-7.950000,56.400002,0.138864,-0.596156,9.837775,-0.052227,0.011058,-0.011724,0.087009
-11.850000,-8.700000,57.900002,0.179565,-0.644040,9.828198,-0.047031,0.004930,-0.013057,0.086992
-12.300000,-8.700000,56.700001,0.196325,-0.620098,9.792285,-0.046764,0.012391,-0.012257,0.087009
-12.900000,-7.350000,56.549999,0.184354,-0.553061,9.813833,-0.044366,0.013190,-0.016521,0.086990
-12.450000,-8.550000,55.799999,0.272939,-0.627281,9.832987,-0.048496,0.012524,-0.012257,0.087009
-13.050000,-6.000000,56.400002,0.148441,-0.612916,9.801862,-0.049162,0.009060,-0.011458,0.086989
-11.100000,-7.950000,56.400002,0.225055,-0.579397,9.780313,-0.052626,0.013057,-0.011458,0.087007
-12.150000,-9.000000,57.299999,0.172383,-0.555455,9.813833,-0.049296,0.012524,-0.013590,0.086995
-14.550000,-10.350000,55.650002,0.148441,-0.667982,9.866506,-0.050894,0.010126,-0.013723,0.087008
-12.150000,-9.300000,57.299999,0.246603,-0.646434,9.825804,-0.046764,0.012391,-0.010525,0.086991
-12.150000,-9.300000,57.299999,0.196325,-0.629675,9.789890,-0.047430,0.014123,-0.015721,0.087011
-11.100000,-8.700000,55.650002,0.229843,-0.656011,9.799467,-0.049562,0.008127,-0.010525,0.086989
-11.850000,-8.400000,57.900002,0.225055,-0.596156,9.761160,-0.046498,0.007861,-0.014389,0.087010
-11.550000,-9.450000,55.950001,0.141258,-0.641646,9.861717,-0.047564,0.010126,-0.011991,0.086991
-10.950000,-6.600000,56.549999,0.129287,-0.586579,9.770737,-0.049029,0.011724,-0.008527,0.087008
-12.600000,-8.400000,55.650002,0.167594,-0.584185,9.765948,-0.054358,0.011325,-0.013723,0.086993
-12.600000,-9.150000,56.700001,0.114922,-0.593762,9.840169,-0.041568,0.011591,-0.013057,0.087008
-12.450000,-9.000000,56.549999,0.165200,-0.567426,9.787497,-0.049962,0.008660,-0.011191,0.086989
-13.350000,-7.950000,55.650002,0.172383,-0.584185,9.844957,-0.048629,0.009992,-0.015588,0.087012
-12.450000,-8.100000,56.250000,0.174777,-0.603339,9.818622,-0.048896,0.010525,-0.010259,0.086990
-11.550000,-8.400000,56.400002,0.215478,-0.577003,9.825804,-0.050495,0.010392,-0.012657,0.087006
-13.350000,-7.950000,55.650002,0.225055,-0.565032,9.818622,-0.049296,0.012923,-0.011058,0.086990
-13.950000,-6.900000,54.750000,0.186748,-0.567426,9.792285,-0.049962,0.010658,-0.010792,0.087010
-12.450000,-7.350000,55.500000,0.198719,-0.629675,9.804255,-0.054758,0.009593,-0.012391,0.086992
-12.150000,-8.100000,57.000000,0.177171,-0.565032,9.799467,-0.051827,0.009459,-0.012923,0.087012
-12.900000,-9.300000,57.000000,0.213084,-0.636858,9.837775,-0.047031,0.011191,-0.010792,0.086986
-12.900000,-9.300000,57.000000,0.143652,-0.591368,9.797073,-0.050761,0.013190,-0.016521,0.087009
-12.450000,-7.350000,56.549999,0.129287,-0.591368,9.816227,-0.047963,0.008127,-0.012524,0.086992
-12.600000,-7.950000,56.400002,0.134075,-0.627281,9.789890,-0.045299,0.011991,-0.013323,0.087009
-12.450000,-6.600000,57.750000,0.174777,-0.641646,9.787497,-0.048629,0.010259,-0.012657,0.086991
-12.900000,-8.100000,57.000000,0.198719,-0.548272,9.787497,-0.053026,0.009060,-0.013590,0.087009
-12.600000,-8.400000,55.200001,0.193930,-0.636858,9.844957,-0.052493,0.012257,-0.015988,0.086991
-12.600000,-6.450000,56.700001,0.158017,-0.562637,9.789890,-0.049962,0.015055,-0.013323,0.087009
-11.850000,-8.400000,56.400002,0.153229,-0.617704,9.797073,-0.052093,0.009726,-0.014256,0.086994
-12.150000,-9.300000,56.549999,0.160412,-0.598550,9.821015,-0.049828,0.011458,-0.013057,0.087011
-13.050000,-7.500000,56.400002,0.148441,-0.572214,9.765948,-0.049029,0.011591,-0.005063,0.086986
-10.800000,-7.950000,57.450001,0.186748,-0.629675,9.792285,-0.050495,0.010925,-0.016920,0.087013
-12.450000,-9.000000,57.000000,0.196325,-0.608127,9.835381,-0.046897,0.009726,-0.013590,0.086986
-13.200000,-7.350000,56.250000,0.172383,-0.608127,9.801862,-0.051960,0.008394,-0.016654,0.087015
-12.450000,-7.350000,55.799999,0.184354,-0.605733,9.770737,-0.046498,0.013323,-0.009193,0.086991
-13.350000,-7.950000,55.650002,0.138864,-0.636858,9.823410,-0.047830,0.017054,-0.013323,0.087004
-12.150000,-7.800000,57.750000,0.189142,-0.574608,9.811439,-0.048230,0.011724,-0.012124,0.086997
-12.150000,-7.800000,57.750000,0.165200,-0.591368,9.785102,-0.048096,0.011191,-0.013323,0.087003
-11.700000,-7.350000,55.500000,0.179565,-0.612916,9.823410,-0.051028,0.014789,-0.011724,0.086994
-12.900000,-8.100000,56.250000,0.169988,-0.620098,9.782708,-0.048363,0.011991,-0.013590,0.087005
-12.900000,-7.800000,58.049999,0.179565,-0.620098,9.816227,-0.052227,0.016121,-0.010126,0.086991
-12.300000,-8.400000,57.150002,0.270545,-0.600945,9.804255,-0.048096,0.007328,-0.012124,0.087008
-12.150000,-8.100000,56.549999,0.193930,-0.593762,9.789890,-0.050761,0.009593,-0.011058,0.086992
-11.700000,-8.100000,56.250000,0.227449,-0.620098,9.804255,-0.047963,0.011458,-0.012657,0.087009
-12.300000,-6.450000,57.150002,0.179565,-0.588974,9.797073,-0.049029,0.011991,-0.011058,0.086992
-13.050000,-8.400000,55.650002,0.158017,-0.617704,9.809045,-0.043966,0.008127,-0.012657,0.087010
-12.450000,-7.800000,55.049999,0.167594,-0.600945,9.787497,-0.046498,0.007861,-0.013323,0.086991
-12.150000,-9.000000,56.549999,0.184354,-0.569820,9.873688,-0.047031,0.006528,-0.010525,0.087008
-11.850000,-7.200000,55.950001,0.141258,-0.572214,9.782708,-0.043567,0.009326,-0.013856,0.086996
-11.700000,-9.000000,56.250000,0.220267,-0.615310,9.811439,-0.047164,0.012790,-0.008260,0.087007
-12.450000,-9.000000,57.750000,0.196325,-0.596156,9.804255,-0.049562,0.011058,-0.011991,0.086991
-11.250000,-9.300000,57.000000,0.203507,-0.620098,9.797073,-0.049695,0.012790,-0.014522,0.087009
-11.850000,-9.150000,55.650002,0.141258,-0.541090,9.811439,-0.049296,0.010925,-0.012524,0.086988
-13.200000,-7.800000,54.750000,0.210690,-0.610521,9.849746,-0.043034,0.012923,-0.011058,0.087013
-13.200000,-7.800000,56.549999,0.189142,-0.608127,9.792285,-0.050095,0.009726,-0.011325,0.086991
-13.050000,-7.500000,56.400002,0.225055,-0.586579,9.842564,-0.048363,0.013456,-0.011458,0.087004
-12.150000,-9.300000,55.049999,0.205901,-0.610521,9.794679,-0.050495,0.008793,-0.011458,0.086992
-11.550000,-6.750000,56.700001,0.179565,-0.617704,9.809045,-0.046764,0.013057,-0.012391,0.087008
-11.550000,-8.700000,57.450001,0.158017,-0.536301,9.773131,-0.049962,0.013590,-0.012790,0.086993
-13.050000,-7.200000,56.400002,0.217872,-0.620098,9.828198,-0.047564,0.010525,-0.009060,0.087007
-11.850000,-9.150000,55.950001,0.196325,-0.603339,9.823410,-0.050495,0.012524,-0.006395,0.086996
-11.700000,-7.800000,56.250000,0.210690,-0.536301,9.753978,-0.051161,0.008394,-0.015322,0.087008
-12.300000,-7.500000,57.450001,0.165200,-0.562637,9.801862,-0.050228,0.008660,-0.010259,0.086986
-11.700000,-7.800000,57.000000,0.143652,-0.562637,9.758766,-0.048896,0.011591,-0.011458,0.087010
-12.300000,-10.350000,56.700001,0.141258,-0.605733,9.873688,-0.049962,0.010658,-0.011724,0.086994
-12.300000,-10.350000,56.700001,0.172383,-0.644040,9.780313,-0.045698,0.014123,-0.012391,0.087006
-11.850000,-7.950000,57.150002,0.124498,-0.579397,9.792285,-0.049695,0.011458,-0.010792,0.086992
-12.900000,-7.800000,55.799999,0.167594,-0.622492,9.823410,-0.047963,0.008127,-0.011858,0.087009
-13.350000,-7.950000,55.950001,0.162806,-0.620098,9.828198,-0.049562,0.009726,-0.008394,0.086991
-13.050000,-7.500000,57.450001,0.148441,-0.636858,9.782708,-0.042767,0.012391,-0.009726,0.087005
-11.250000,-8.100000,57.299999,0.222661,-0.545878,9.801862,-0.047697,0.008660,-0.011191,0.086994
-10.950000,-7.800000,55.500000,0.198719,-0.622492,9.773131,-0.046231,0.013856,-0.008527,0.087009
-12.600000,-9.900000,56.400002,0.181959,-0.586579,9.794679,-0.049562,0.015455,-0.014256,0.086991
-12.900000,-7.800000,57.299999,0.186748,-0.624887,9.753978,-0.044632,0.011991,-0.010126,0.087006
-11.700000,-8.550000,55.799999,0.201113,-0.603339,9.804255,-0.047031,0.007861,-0.012124,0.086991
-13.050000,-6.750000,57.900002,0.193930,-0.593762,9.765948,-0.049828,0.013456,-0.012790,0.087005
-12.450000,-7.350000,55.799999,0.201113,-0.579397,9.823410,-0.049828,0.012524,-0.006129,0.087001
-12.150000,-7.350000,57.299999,0.155623,-0.617704,9.813833,-0.043300,0.013989,-0.014256,0.087006
-11.700000,-8.550000,56.250000,0.208296,-0.658405,9.785102,-0.049962,0.009992,-0.012923,0.086988
-10.950000,-9.300000,56.549999,0.169988,-0.624887,9.813833,-0.048096,0.008793,-0.010925,0.087009
-13.200000,-7.800000,57.000000,0.205901,-0.615310,9.844957,-0.048230,0.009060,-0.011991,0.086991
-13.200000,-7.800000,57.000000,0.186748,-0.598550,9.809045,-0.046631,0.011591,-0.010126,0.087009
-12.450000,-6.600000,55.500000,0.181959,-0.579397,9.868899,-0.050894,0.005596,-0.012124,0.086992
-13.800000,-8.700000,55.950001,0.189142,-0.598550,9.813833,-0.052493,0.012524,-0.017054,0.087008
-12.300000,-8.400000,55.650002,0.198719,-0.588974,9.775525,-0.050495,0.007328,-0.010259,0.086996
-12.300000,-8.700000,57.150002,0.201113,-0.591368,9.828198,-0.051294,0.011458,-0.009726,0.087005
