38.700001,-54.299999,47.250000,0.411803,-9.179369,3.897760,-0.034107,-0.001066,-0.011058,0.318017
38.700001,-54.299999,47.250000,0.622492,-8.918402,3.758897,-0.046764,0.006262,-0.008527,0.035480
38.700001,-54.299999,47.250000,0.521936,-9.062054,3.933673,-0.056623,0.008127,-0.001998,0.035964
39.000000,-54.299999,46.500000,0.617704,-9.138668,3.967192,-0.032242,0.009726,-0.004530,0.034842
39.000000,-54.299999,46.500000,0.617704,-9.097966,4.187459,-0.042900,0.031576,-0.010525,0.035158
38.099998,-54.150002,47.400002,0.517148,-9.045294,3.780444,-0.037305,0.017320,-0.009859,0.036020
37.500000,-54.000000,46.200001,0.802058,-9.097966,4.151546,-0.041701,-0.012657,-0.009193,0.035980
37.950001,-55.049999,46.950001,0.605733,-9.038112,4.156334,-0.014123,0.025847,-0.014789,0.034799
36.900002,-53.400002,46.650002,0.538695,-9.129091,4.077325,0.009593,0.013856,-0.001066,0.034799
36.900002,-53.400002,46.650002,0.679953,-9.064447,4.125209,-0.012391,0.025714,-0.011058,0.035201
37.500000,-54.750000,46.500000,0.380678,-8.939949,3.936068,-0.011991,0.000666,-0.009859,0.035980
37.500000,-54.750000,46.500000,0.646434,-9.102755,4.314352,0.026913,0.004663,-0.006395,0.036020
37.650002,-53.700001,48.599998,0.658405,-9.131485,4.161122,0.031176,0.017720,-0.007994,0.035980
37.650002,-53.700001,48.599998,0.339977,-9.006987,4.055778,0.030910,0.017587,-0.019585,0.036020
37.650002,-53.700001,48.599998,0.418985,-9.172187,4.134786,0.046897,0.004663,-0.010392,0.035980
36.599998,-53.400002,47.099998,0.476446,-8.923190,4.177882,0.068747,0.006795,-0.002531,0.036020
36.599998,-53.400002,47.099998,0.610521,-8.927979,4.268862,0.060620,0.011591,-0.007461,0.035980
37.950001,-53.099998,47.250000,0.512359,-8.853758,4.328717,0.063418,0.027046,-0.016920,0.036020
38.250000,-53.099998,49.049999,0.536301,-8.786720,4.247314,0.020784,-0.002265,-0.015721,0.035980
39.150002,-53.400002,47.400002,0.742203,-8.791509,4.335899,-0.001865,-0.000266,-0.008260,0.036020
39.150002,-53.400002,47.400002,0.409408,-8.671799,4.247314,-0.035040,0.022516,-0.009593,0.035979
36.900002,-54.900002,47.099998,0.531513,-8.961497,4.367024,-0.058622,0.010658,-0.014922,0.036020
35.849998,-52.500000,49.650002,0.447716,-8.920795,4.259285,-0.059554,0.000666,-0.005063,0.035980
35.849998,-52.500000,49.650002,0.605733,-8.923190,4.402937,-0.059954,0.012923,-0.010525,0.036020
36.150002,-52.500000,48.599998,0.486023,-8.767567,4.237737,0.165873,-0.016787,-0.015721,0.034983
36.150002,-52.500000,48.599998,0.579397,-8.734048,4.077325,0.155214,0.021583,0.010126,0.035178
36.000000,-52.799999,48.750000,0.509965,-8.822633,4.055778,0.212904,0.018519,-0.006528,0.035980
39.000000,-52.049999,52.799999,0.644040,-8.621520,4.960786,0.558905,-0.013057,-0.004263,0.034972
37.349998,-49.799999,53.400002,0.639252,-8.413225,5.233725,0.595810,0.016654,-0.011858,0.036183
37.349998,-49.799999,53.400002,0.569820,-8.360553,5.413290,0.603271,0.010525,-0.020251,0.035980
38.099998,-49.500000,55.650002,0.627281,-7.788338,5.652710,0.478700,0.008394,-0.026913,0.034817
38.099998,-49.500000,55.650002,0.591368,-7.625533,5.940014,0.399161,0.018253,-0.023049,0.035183
38.099998,-48.299999,57.450001,0.567426,-7.704541,6.210559,0.365320,0.009726,-0.026513,0.035980
38.099998,-48.299999,57.450001,0.577003,-7.726089,6.217742,0.348000,0.007594,-0.021717,0.036020
36.750000,-45.299999,59.250000,0.665588,-7.513005,6.296751,0.326150,0.016654,-0.015721,0.035985
36.750000,-45.299999,59.250000,0.529119,-7.474698,6.330269,0.309763,0.008527,-0.013590,0.036015
36.750000,-46.950001,59.250000,0.481235,-7.366959,6.136339,0.273790,0.001998,-0.006395,0.035980
36.900002,-45.900002,60.450001,0.696713,-7.352593,6.627151,0.291776,0.021983,-0.023182,0.036020
36.750000,-44.549999,61.049999,0.481235,-7.295133,6.878541,0.319888,0.004397,-0.024515,0.034854
37.500000,-43.349998,62.549999,0.545878,-6.959944,6.907272,0.363055,0.021051,-0.018386,0.034854
37.500000,-43.349998,62.549999,0.550666,-7.096414,7.153875,0.369184,0.009593,-0.022116,0.036141
38.099998,-42.750000,62.700001,0.433351,-6.880936,6.950367,0.392366,0.003464,-0.023982,0.036021
37.950001,-40.950001,64.050003,0.723049,-6.878541,7.201759,0.423409,0.017986,-0.011724,0.035979
37.950001,-40.950001,64.050003,0.438139,-6.572083,7.335834,0.432868,0.007994,-0.005729,0.036025
37.950001,-40.950001,64.050003,0.699107,-6.545747,7.513005,0.460181,0.012524,-0.013190,0.035975
38.250000,-40.650002,65.099998,0.766145,-6.272809,7.680599,0.467642,0.015188,-0.018786,0.036021
38.250000,-40.650002,65.099998,0.620098,-6.236896,7.654263,0.477234,0.010392,-0.021184,0.035984
38.250000,-40.650002,65.099998,0.656011,-6.062119,7.687782,0.488692,0.008926,-0.015855,0.036016
39.150002,-40.049999,67.500000,0.679953,-5.779603,7.987057,0.491224,0.007861,-0.022516,0.035979
38.250000,-38.700001,68.099998,0.612916,-5.674258,8.094796,0.505613,0.010792,-0.018519,0.036021
38.099998,-38.099998,67.949997,0.581791,-5.497087,8.185776,0.506812,0.003864,-0.010126,0.035979
38.099998,-38.099998,67.949997,0.691924,-5.449203,8.312668,0.509210,0.016387,-0.009459,0.036021
37.349998,-33.750000,67.199997,0.603339,-5.190629,8.384495,0.506945,0.015055,-0.014922,0.035979
39.150002,-33.750000,67.949997,0.694318,-4.862624,8.446744,0.489092,0.008527,-0.023315,0.036021
37.349998,-33.000000,69.750000,0.507571,-4.666299,8.453926,0.466576,0.013590,-0.016521,0.035979
37.349998,-33.000000,69.750000,0.490811,-4.553771,8.705317,0.449922,0.001466,-0.016787,0.036021
37.349998,-33.000000,69.750000,0.670376,-4.474763,8.801085,0.443394,0.007994,-0.016254,0.035979
38.700001,-30.000000,71.849998,0.739808,-4.244920,8.899248,0.430070,0.016654,-0.021983,0.036021
38.700001,-30.000000,71.849998,0.474052,-4.278439,8.918402,0.410352,0.009459,-0.030510,0.035979
38.700001,-30.000000,71.849998,0.610521,-3.991134,8.822633,0.384239,0.008527,-0.007594,0.036021
39.150002,-27.900000,72.449997,0.723049,-3.857059,8.949526,0.360923,0.005063,-0.000400,0.035979
39.450001,-28.950001,72.150002,0.584185,-3.675100,9.064447,0.330680,0.017986,-0.014789,0.036025
39.450001,-28.950001,72.150002,0.644040,-3.646369,9.121908,0.317090,0.008127,-0.023049,0.035980
39.599998,-26.700001,72.000000,0.605733,-3.423708,9.169792,0.299770,0.009459,-0.023049,0.036016
38.250000,-27.000000,73.349998,0.725443,-3.452439,9.203311,0.288712,0.011591,-0.016920,0.035979
38.700001,-25.350000,73.349998,0.735020,-3.311181,9.184157,0.287247,0.004397,-0.022783,0.036021
38.700001,-25.350000,73.349998,0.691924,-3.217807,9.241618,0.279386,0.012257,-0.014655,0.035979
39.599998,-25.200001,74.250000,0.497994,-2.923320,9.315839,0.271126,0.006262,-0.012391,0.036021
39.599998,-25.200001,74.250000,0.670376,-2.813187,9.452309,0.255804,0.014123,-0.013856,0.035980
39.599998,-25.200001,74.250000,0.746991,-2.796427,9.488221,0.221297,0.014789,-0.014256,0.036020
39.000000,-23.400000,74.099998,0.667982,-2.664747,9.440337,0.200913,0.010126,-0.022516,0.035980
39.000000,-23.400000,74.099998,0.677559,-2.607286,9.313444,0.166539,0.009593,-0.021583,0.036020
39.750000,-23.400000,72.900002,0.622492,-2.449268,9.373300,0.135096,0.012391,-0.006662,0.035980
39.750000,-23.400000,72.900002,0.574608,-2.442086,9.526528,0.121640,0.012657,-0.025047,0.036020
40.049999,-21.299999,73.500000,0.596156,-2.451663,9.567230,0.107651,0.009726,-0.016387,0.035980
40.049999,-22.049999,74.699997,0.828394,-2.513912,9.519346,0.104986,0.004930,-0.007994,0.036020
40.049999,-22.049999,74.699997,0.596156,-2.559402,9.500193,0.138161,0.012257,-0.022649,0.035980
38.700001,-21.900000,74.849998,0.572214,-2.442086,9.461885,0.168138,0.013190,-0.012657,0.036020
38.849998,-20.850000,74.699997,0.596156,-2.398990,9.497798,0.187989,0.006528,-0.012391,0.035980
38.700001,-22.200001,75.150002,0.610521,-2.279280,9.660604,0.208507,0.009193,-0.018386,0.036020
38.700001,-22.200001,75.150002,0.617704,-2.063802,9.696517,0.206242,0.011591,-0.012257,0.035980
38.700001,-22.200001,75.150002,0.598550,-1.991976,9.485827,0.195317,0.011591,-0.015322,0.036020
39.599998,-19.350000,75.000000,0.758962,-1.924938,9.603143,0.177331,0.010126,-0.012524,0.035980
39.599998,-19.350000,75.000000,0.656011,-1.776498,9.497798,0.152150,0.008926,-0.010126,0.036020
39.599998,-19.350000,75.000000,0.548272,-1.661576,9.629479,0.137894,0.013590,-0.013323,0.035980
37.500000,-19.950001,74.099998,0.562637,-1.661576,9.643845,0.138427,0.007461,-0.011858,0.036020
39.150002,-18.450001,75.000000,0.651223,-1.649605,9.718064,0.131499,0.007061,-0.019052,0.035980
39.150002,-18.450001,75.000000,0.648829,-1.620875,9.674969,0.146421,0.007461,-0.024381,0.036020
39.599998,-17.700001,76.199997,0.600945,-1.570596,9.552865,0.146688,0.005196,-0.017986,0.035980
38.849998,-17.700001,76.199997,0.665588,-1.403002,9.660604,0.150551,0.008127,-0.011991,0.036020
38.700001,-18.750000,74.849998,0.555455,-1.288081,9.651027,0.149219,0.007194,-0.018786,0.035980
38.700001,-18.750000,74.849998,0.605733,-1.261744,9.787497,0.151617,0.005995,-0.016521,0.036020
40.200001,-16.350000,74.849998,0.694318,-1.156399,9.730036,0.146155,0.010392,-0.013590,0.035980
40.200001,-16.350000,74.849998,0.802058,-1.185130,9.718064,0.136828,0.009859,-0.013323,0.036020
38.700001,-15.900000,77.400002,0.675165,-1.132457,9.634268,0.137228,0.020917,-0.014655,0.035980
38.700001,-15.900000,77.400002,0.567426,-1.029507,9.770737,0.141891,0.010925,-0.008260,0.036020
38.700001,-15.900000,77.400002,0.632069,-0.981623,9.782708,0.141225,0.015055,-0.007061,0.035979
39.000000,-15.150000,77.099998,0.545878,-0.871489,9.801862,0.156147,0.014123,-0.016254,0.036021
39.000000,-15.150000,77.099998,0.620098,-0.871489,9.830592,0.162142,0.010126,-0.017453,0.035979
38.849998,-14.250000,75.750000,0.591368,-0.725443,9.756371,0.151351,0.006395,-0.016787,0.036021
40.049999,-14.250000,76.199997,0.653617,-0.682347,9.739613,0.143890,0.005862,-0.014789,0.035979
37.650002,-12.600000,74.699997,0.675165,-0.557849,9.694122,0.124704,0.004663,-0.018652,0.036021
37.650002,-12.600000,74.699997,0.603339,-0.514753,9.715671,0.110315,0.008127,-0.014789,0.035979
38.849998,-13.050000,75.000000,0.644040,-0.445322,9.799467,0.107518,0.008527,-0.016121,0.036021
39.599998,-12.600000,74.250000,0.636858,-0.483629,9.818622,0.107251,0.011058,-0.013323,0.035979
39.599998,-12.600000,74.250000,0.591368,-0.383072,9.761160,0.110715,0.009060,-0.010259,0.036021
39.599998,-12.600000,74.250000,0.624887,-0.428562,9.667787,0.118842,0.006662,-0.013590,0.035979
39.599998,-11.100000,76.199997,0.624887,-0.225055,9.737218,0.117910,0.010525,-0.015588,0.036021
40.049999,-12.600000,76.199997,0.617704,-0.138864,9.813833,0.117643,0.006129,-0.013723,0.035979
40.049999,-12.600000,76.199997,0.658405,-0.100556,9.864111,0.109116,0.014389,-0.013590,0.036021
38.400002,-11.850000,74.699997,0.703895,-0.045490,9.837775,0.092063,0.007194,-0.013323,0.035979
39.150002,-11.400000,76.199997,0.730232,0.225055,9.653421,0.039836,0.006528,-0.020917,0.036021
38.849998,-10.650000,76.199997,0.806846,0.193930,9.643845,-0.009593,0.008660,-0.024381,0.035979
38.849998,-10.650000,76.199997,0.459687,0.193930,9.634268,-0.033841,0.021450,-0.016121,0.036021
37.950001,-10.500000,76.349998,0.493206,0.088585,9.777920,-0.053026,0.019452,-0.003730,0.035979
37.950001,-10.500000,76.349998,0.624887,0.136469,9.844957,-0.074343,0.003997,-0.003730,0.036021
37.950001,-10.500000,76.349998,0.694318,0.035913,9.880871,-0.075542,0.013456,-0.010925,0.035979
40.049999,-11.100000,78.000000,0.732626,0.019154,9.758766,-0.080472,0.004663,-0.011991,0.036021
40.049999,-11.100000,78.000000,0.756568,0.000000,9.696517,-0.091796,0.008660,-0.009193,0.035971
37.950001,-11.700000,76.650002,0.641646,0.023942,9.706094,-0.099257,0.012257,-0.009193,0.036029
37.950001,-11.700000,76.650002,0.605733,-0.019154,9.804255,-0.113779,0.009992,-0.006129,0.035979
39.000000,-13.950000,76.349998,0.610521,0.002394,9.866506,-0.117243,0.008660,-0.001865,0.036021
40.349998,-11.850000,76.500000,0.754174,0.069432,9.842564,-0.150285,0.011325,-0.007061,0.035979
39.450001,-10.500000,76.650002,0.737414,-0.165200,9.763555,-0.178530,0.015721,-0.010792,0.036021
39.450001,-10.500000,76.650002,0.799663,-0.102951,9.710882,-0.196516,0.015055,-0.005329,0.035979
40.049999,-12.300000,76.949997,0.708684,-0.179565,9.742006,-0.223828,0.016920,-0.011991,0.036021
39.000000,-10.950000,75.599998,0.608127,-0.208296,9.868899,-0.261933,0.011991,-0.016787,0.035984
39.000000,-10.950000,75.599998,0.711078,-0.349553,9.799467,-0.281384,0.006528,-0.006262,0.036016
39.000000,-10.950000,75.599998,0.840365,-0.452504,9.856929,-0.301769,0.005995,-0.005995,0.035979
40.200001,-12.900000,75.900002,0.708684,-0.574608,9.825804,-0.314426,0.013856,-0.020518,0.036021
40.200001,-12.900000,75.900002,0.581791,-0.656011,9.744401,-0.336142,0.001865,-0.011458,0.035979
40.200001,-12.900000,75.900002,0.754174,-0.778116,9.737218,-0.344270,0.011991,0.001199,0.036021
39.450001,-15.600000,74.099998,0.579397,-0.888249,9.612720,-0.349998,0.012524,0.001466,0.035979
39.599998,-15.750000,75.750000,0.605733,-0.849942,9.811439,-0.365320,0.013590,-0.006395,0.036021
39.599998,-15.750000,75.750000,0.739808,-1.065420,9.725247,-0.372914,0.015988,-0.002398,0.035979
39.150002,-16.200001,75.000000,0.732626,-1.125275,9.734824,-0.383706,0.011458,-0.005995,0.036021
40.349998,-17.700001,75.449997,0.730232,-1.249773,9.720459,-0.402891,0.013057,0.000000,0.035979
40.049999,-16.500000,74.699997,0.694318,-1.393425,9.665392,-0.423809,0.013856,-0.008127,0.036021
40.049999,-16.500000,74.699997,0.675165,-1.498770,9.641450,-0.436466,0.013989,-0.005063,0.035979
39.450001,-19.500000,75.150002,0.756568,-1.630451,9.749189,-0.451387,0.015588,0.001066,0.036021
39.450001,-19.500000,75.150002,0.732626,-1.745373,9.550470,-0.472838,0.012257,-0.001599,0.035979
38.700001,-19.500000,75.599998,0.943315,-2.123657,9.533711,-0.456983,0.011191,-0.003597,0.036021
38.700001,-19.500000,75.599998,0.656011,-2.305616,9.504981,-0.436199,0.015455,0.006528,0.035979
38.700001,-19.500000,75.599998,0.687136,-2.243367,9.665392,-0.428871,0.005862,0.000933,0.036021
39.750000,-20.250000,75.150002,0.691924,-2.420538,9.469068,-0.432335,0.008127,-0.008793,0.035979
39.750000,-20.250000,75.150002,0.567426,-2.489970,9.528923,-0.430204,0.005862,-0.011858,0.036021
40.200001,-22.200001,74.099998,0.835576,-2.647987,9.627085,-0.442594,0.013590,0.005995,0.035979
38.250000,-23.400000,74.099998,0.699107,-2.853889,9.418790,-0.442994,0.020118,0.008394,0.036019
39.599998,-24.000000,73.949997,0.627281,-3.059790,9.200917,-0.442328,0.016787,0.005063,0.035981
39.599998,-24.000000,73.949997,0.596156,-3.122039,9.212888,-0.438730,0.013989,-0.000133,0.036021
38.849998,-25.500000,73.199997,0.562637,-3.215413,9.220071,-0.433934,0.012923,-0.000933,0.035979
40.799999,-26.700001,73.500000,0.593762,-3.392584,9.062054,-0.429005,0.015455,0.002531,0.036021
40.799999,-26.700001,73.500000,0.636858,-3.596091,9.301474,-0.409020,0.011191,-0.002398,0.035979
40.799999,-26.700001,73.500000,0.725443,-3.641581,9.176975,-0.393965,-0.000666,-0.014256,0.036021
39.000000,-27.299999,71.849998,0.706290,-3.837905,9.050082,-0.370250,0.014789,-0.011191,0.035979
39.000000,-27.299999,71.849998,0.672771,-3.878607,9.033323,-0.363188,0.016121,-0.001998,0.036021
39.000000,-27.299999,71.849998,0.586579,-3.852271,8.863335,-0.359991,0.003730,-0.007061,0.035979
38.250000,-30.000000,72.599998,0.711078,-3.914520,9.059659,-0.365054,0.013190,-0.005729,0.036021
38.700001,-28.950001,71.849998,0.766145,-4.127604,8.968679,-0.363855,0.007194,-0.007594,0.035979
39.599998,-31.049999,72.449997,0.730232,-4.249708,8.676587,-0.368118,0.015322,-0.007194,0.036021
39.599998,-31.049999,72.449997,0.569820,-4.209007,8.631097,-0.380508,0.016121,-0.006928,0.035979
39.000000,-32.400002,71.849998,0.378284,-4.548983,8.540117,-0.365720,0.008660,-0.007061,0.034817
39.000000,-32.400002,71.849998,0.792481,-4.623203,8.813056,-0.357060,0.009459,0.002798,0.036183
37.500000,-32.400002,70.800003,0.615310,-4.606444,8.360553,-0.348400,0.004397,0.002665,0.035979
37.500000,-32.400002,70.800003,0.622492,-4.876989,8.403648,-0.337342,0.017853,0.016787,0.036021
38.849998,-33.450001,70.199997,0.610521,-4.987122,8.743625,-0.331613,0.013190,0.007861,0.035979
38.849998,-33.450001,70.199997,0.596156,-4.987122,8.370130,-0.325217,0.013057,0.006129,0.036021
38.849998,-33.450001,70.199997,0.653617,-5.020641,8.492233,-0.334943,0.012257,-0.002931,0.035979
38.849998,-34.500000,69.750000,0.538695,-5.145139,8.473080,-0.333345,0.009193,-0.009859,0.036021
39.000000,-36.299999,68.099998,0.627281,-5.260061,8.207323,-0.331746,0.014389,-0.005063,0.035979
39.000000,-36.299999,68.099998,0.756568,-5.372589,8.257602,-0.308430,0.011991,-0.005196,0.036021
38.099998,-36.450001,68.699997,0.572214,-5.430049,8.212111,-0.305499,0.015455,-0.007328,0.035979
38.400002,-35.700001,67.949997,0.612916,-5.544971,8.207323,-0.301636,0.005329,-0.013989,0.036021
38.400002,-35.700001,67.949997,0.634463,-5.533000,8.171411,-0.297505,0.005995,-0.005329,0.035979
40.049999,-37.349998,67.500000,0.610521,-5.722142,8.066066,-0.308963,0.019452,-0.011458,0.036021
38.099998,-36.450001,67.949997,0.632069,-5.638345,7.943961,-0.308697,0.013456,-0.007328,0.035979
38.099998,-36.450001,67.949997,0.629675,-5.753267,8.013393,-0.317224,0.015322,-0.007594,0.036021
38.099998,-36.450001,67.949997,0.687136,-5.805939,8.080431,-0.317224,0.002931,-0.007194,0.035979
37.650002,-38.099998,68.250000,0.675165,-5.853823,7.963115,-0.307098,0.008260,-0.002265,0.036021
37.650002,-38.099998,68.250000,0.687136,-5.865794,7.726089,-0.317090,0.009060,-0.002798,0.035979
37.650002,-38.099998,68.250000,0.727837,-6.019023,7.623138,-0.322020,0.012524,-0.003331,0.036021
37.650002,-39.299999,67.199997,0.687136,-6.253655,7.826645,-0.318822,0.016121,-0.005063,0.035979
39.450001,-39.450001,66.599998,0.641646,-6.265626,7.706935,-0.309629,0.021051,-0.002931,0.036021
37.349998,-41.549999,65.400002,0.636858,-6.359000,7.560889,-0.318156,0.010658,-0.011191,0.035979
37.349998,-41.549999,65.400002,0.670376,-6.404490,7.541735,-0.314426,0.018919,-0.002931,0.036021
37.349998,-41.250000,65.400002,0.469264,-6.447585,7.333440,-0.314559,0.011191,-0.001998,0.035979
38.400002,-40.500000,64.949997,0.742203,-6.663064,7.501034,-0.312960,0.009060,-0.014123,0.036021
38.400002,-41.549999,64.199997,0.612916,-6.596025,7.345411,-0.300703,0.012657,-0.007594,0.035979
38.400002,-41.549999,64.199997,0.660800,-6.636727,7.352593,-0.281118,0.016387,-0.004796,0.036021
38.400002,-41.549999,64.199997,0.675165,-6.811504,7.304709,-0.281518,0.012257,-0.004663,0.035979
37.500000,-41.400002,63.599998,0.495600,-6.787562,7.110779,-0.277254,0.005729,-0.007861,0.036021
37.500000,-41.400002,63.599998,0.541090,-6.883330,7.098808,-0.278187,0.010925,-0.001332,0.035979
37.500000,-41.400002,63.599998,0.720655,-6.847417,7.127539,-0.274989,0.011458,-0.003730,0.036021
37.950001,-43.799999,62.849998,0.641646,-7.022193,6.871359,-0.259401,0.017587,-0.006395,0.035979
38.099998,-43.500000,61.650002,0.605733,-7.105990,7.101202,-0.248210,0.009726,-0.005596,0.036021
38.099998,-43.500000,61.650002,0.600945,-7.187394,6.959944,-0.229957,0.007061,-0.011058,0.035979
38.700001,-43.049999,61.799999,0.624887,-7.105990,6.924031,-0.223162,0.006129,-0.009193,0.036021
38.400002,-44.700001,63.150002,0.639252,-7.192182,6.859388,-0.222230,0.015721,-0.006528,0.035979
37.500000,-43.799999,61.049999,0.632069,-7.201759,6.751649,-0.217700,0.016254,-0.002665,0.036021
37.500000,-43.799999,61.049999,0.639252,-7.182605,6.744466,-0.226227,0.004663,-0.003864,0.035979
38.250000,-44.099998,61.349998,0.653617,-7.201759,6.766014,-0.238217,0.011991,-0.010658,0.036021
38.250000,-44.099998,61.349998,0.565032,-7.259220,6.672640,-0.248210,0.013190,-0.010126,0.035979
38.250000,-44.099998,61.349998,0.584185,-7.359776,6.593631,-0.260467,0.014389,-0.005462,0.036021
37.650002,-46.349998,59.700001,0.524330,-7.429208,6.466739,-0.276055,0.011724,-0.008260,0.035979
37.650002,-46.349998,59.700001,0.727837,-7.524976,6.617573,-0.282850,0.001466,-0.006129,0.036021
37.349998,-47.549999,58.650002,0.584185,-7.501034,6.315904,-0.281784,0.009992,-0.008527,0.035980
37.349998,-47.549999,58.650002,0.567426,-7.668628,6.313510,-0.283916,0.007594,-0.010925,0.036021
37.500000,-46.500000,59.849998,0.624887,-7.508216,6.172252,-0.291243,0.012524,-0.003331,0.035979
38.849998,-47.549999,57.900002,0.632069,-7.699753,6.246472,-0.273257,0.019185,-0.011458,0.036021
38.849998,-47.549999,57.900002,0.610521,-7.759608,6.256049,-0.264331,0.009060,-0.009859,0.035984
38.099998,-47.099998,58.200001,0.634463,-7.675811,6.133945,-0.265663,0.003730,-0.005995,0.036016
37.500000,-49.200001,58.049999,0.699107,-7.963115,6.002264,-0.248476,0.006528,-0.009859,0.035979
38.250000,-48.000000,56.250000,0.514753,-7.905654,5.760449,-0.230357,0.001998,-0.011058,0.034816
37.950001,-48.450001,55.049999,0.660800,-7.903260,5.937620,-0.254338,-0.017720,-0.009326,0.036184
37.349998,-49.049999,56.400002,0.711078,-7.996634,5.813122,-0.254605,-0.013723,-0.016521,0.035979
37.349998,-49.049999,56.400002,0.837971,-8.042124,5.719748,-0.255937,0.001599,-0.006528,0.036021
37.349998,-49.049999,56.400002,0.658405,-8.092402,5.619191,-0.253806,0.013590,-0.013723,0.035979
39.750000,-50.400002,55.500000,0.665588,-8.207323,5.676652,-0.270060,0.010925,0.001199,0.036021
39.750000,-50.400002,55.500000,0.711078,-8.214506,5.413290,-0.258335,0.017187,-0.008260,0.035979
39.750000,-50.400002,55.500000,0.627281,-8.377312,5.564125,-0.252473,0.013057,-0.008527,0.036021
35.400002,-49.799999,55.200001,0.648829,-8.341399,5.374983,-0.245545,0.010925,-0.005729,0.035979
38.250000,-51.150002,54.750000,0.521936,-8.121132,5.250484,-0.247544,0.007194,-0.004130,0.036021
37.500000,-52.049999,53.549999,0.615310,-8.355764,5.446809,-0.257270,0.004663,-0.004530,0.035979
37.500000,-52.049999,53.549999,0.497994,-8.209718,5.310339,-0.284315,0.005995,-0.013989,0.036021
36.900002,-52.500000,53.700001,0.713472,-8.271967,5.178658,-0.303900,0.029444,-0.008527,0.035979
37.500000,-51.599998,51.299999,0.682347,-8.473080,5.073313,-0.325884,0.003198,-0.006662,0.036021
38.250000,-52.349998,52.049999,0.567426,-8.429984,5.030218,-0.324018,-0.000799,-0.009992,0.035979
38.250000,-52.349998,52.049999,0.644040,-8.688558,5.046977,-0.308164,0.017187,-0.007727,0.036021
38.250000,-52.349998,52.049999,0.639252,-8.669404,4.786009,-0.313093,0.003331,-0.007061,0.035979
38.700001,-52.049999,49.799999,0.536301,-8.508993,4.745308,-0.319355,0.004930,-0.013456,0.036021
38.700001,-52.049999,49.799999,0.627281,-8.734048,4.498705,-0.328681,0.015988,-0.006662,0.035979
38.700001,-52.049999,49.799999,0.672771,-8.844181,4.702212,-0.313360,0.005329,-0.006528,0.036021
36.900002,-52.950001,50.099998,0.490811,-8.846576,4.661511,-0.308430,0.008394,0.000266,0.035979
38.250000,-53.549999,48.000000,0.641646,-8.963891,4.537012,-0.292975,0.009593,-0.009593,0.036021
38.250000,-53.549999,48.000000,0.562637,-8.961497,4.328717,-0.271392,0.012524,-0.005995,0.035979
37.349998,-53.400002,47.099998,0.593762,-8.935161,4.118027,-0.252207,0.017054,-0.003997,0.036021
36.150002,-55.650002,47.400002,0.555455,-8.951921,4.218584,-0.249942,0.012257,-0.004130,0.035979
36.150002,-55.650002,47.400002,0.636858,-9.066842,4.216189,-0.246211,0.015055,-0.009593,0.036021
38.099998,-54.599998,47.400002,0.679953,-9.030929,4.082114,-0.241815,0.009992,-0.008793,0.035979
38.700001,-55.500000,46.950001,0.663194,-9.018958,4.039018,-0.243946,0.016387,-0.007594,0.036021
38.700001,-55.500000,46.950001,0.569820,-9.021352,3.876213,-0.244613,0.008260,-0.010392,0.035979
38.700001,-55.500000,46.950001,0.560243,-9.253590,3.811569,-0.248609,0.013323,-0.007861,0.036021
36.750000,-55.500000,45.450001,0.603339,-9.169792,3.878607,-0.243147,0.013456,-0.003198,0.035979
36.750000,-55.500000,45.450001,0.533907,-9.097966,3.821146,-0.245012,0.018253,-0.004930,0.036021
36.750000,-55.950001,45.000000,0.529119,-9.102755,3.711013,-0.248743,0.008394,-0.006528,0.035979
36.750000,-55.950001,45.000000,0.593762,-9.196129,3.682282,-0.261533,0.005329,-0.001732,0.036021
36.599998,-55.650002,43.650002,0.620098,-9.287108,3.734955,-0.263798,0.014389,-0.010658,0.035979
36.900002,-54.599998,44.400002,0.600945,-9.260772,3.473987,-0.270326,0.009992,-0.012257,0.036021
36.900002,-54.599998,44.400002,0.486023,-9.337387,3.423708,-0.279919,0.008260,-0.007194,0.035983
37.200001,-56.250000,43.500000,0.615310,-9.382876,3.404555,-0.271392,0.001998,-0.010392,0.036017
37.349998,-55.650002,42.150002,0.572214,-9.361329,3.270479,-0.263265,0.014256,-0.004796,0.035979
36.750000,-55.950001,42.750000,0.553061,-9.478644,3.177106,-0.264198,0.013856,-0.011591,0.036020
36.750000,-55.950001,42.750000,0.557849,-9.502586,3.143587,-0.251274,0.005729,-0.004663,0.035980
36.750000,-55.950001,42.750000,0.519542,-9.423578,3.014300,-0.253139,0.009992,-0.002931,0.036021
37.650002,-56.099998,41.549999,0.689530,-9.332599,3.098097,-0.248343,0.009060,-0.009193,0.035979
37.650002,-56.099998,41.549999,0.548272,-9.481039,3.019088,-0.260734,0.016920,-0.011724,0.036021
37.650002,-56.099998,41.549999,0.565032,-9.533711,2.849100,-0.253273,0.009992,-0.008127,0.035979
36.000000,-57.000000,40.950001,0.579397,-9.595961,2.758120,-0.241149,0.012790,-0.011458,0.036021
36.750000,-57.900002,40.200001,0.612916,-9.653421,2.808398,-0.219965,0.015055,-0.009326,0.035979
36.750000,-57.900002,40.200001,0.574608,-9.679757,2.729390,-0.203044,0.015322,-0.002398,0.036021
36.450001,-56.700001,40.500000,0.462081,-9.581595,2.533065,-0.189988,0.007461,-0.007194,0.035978
37.650002,-56.849998,39.299999,0.550666,-9.598354,2.748544,-0.194518,0.012124,-0.001332,0.036021
37.200001,-57.900002,38.250000,0.603339,-9.550470,2.521094,-0.201712,0.015455,-0.002265,0.035979
37.200001,-57.900002,38.250000,0.577003,-9.545682,2.525883,-0.201179,0.018386,-0.003997,0.036021
37.950001,-59.099998,38.250000,0.567426,-9.607931,2.353500,-0.214369,0.009726,-0.006129,0.035979
37.950001,-59.099998,38.250000,0.548272,-9.612720,2.530671,-0.220364,0.012657,-0.007861,0.036021
37.950001,-59.099998,38.250000,0.567426,-9.667787,2.343924,-0.231689,0.010658,-0.006662,0.035979
36.900002,-58.500000,37.799999,0.543484,-9.617508,2.209848,-0.235286,0.008127,-0.005729,0.036021
36.900002,-58.500000,37.799999,0.581791,-9.694122,2.248155,-0.229824,0.010525,-0.008260,0.035979
37.500000,-57.900002,35.400002,0.562637,-9.756371,1.975216,-0.237418,0.015721,-0.010792,0.036020
37.500000,-57.900002,35.400002,0.567426,-9.780313,1.989582,-0.224761,0.010925,-0.014389,0.035980
38.700001,-58.200001,36.750000,0.639252,-9.821015,1.924938,-0.208773,0.014123,-0.014123,0.036021
36.000000,-58.200001,36.450001,0.557849,-9.765948,2.032677,-0.199847,0.007461,-0.007994,0.035979
37.500000,-59.400002,35.400002,0.541090,-9.852140,1.934515,-0.190521,0.009459,-0.009593,0.036021
37.500000,-59.400002,35.400002,0.577003,-9.852140,1.963245,-0.188122,0.007328,-0.005729,0.035979
36.150002,-59.549999,34.799999,0.615310,-9.809045,1.790863,-0.176798,0.011191,-0.009459,0.036021
37.650002,-58.500000,34.349998,0.526724,-9.789890,1.632846,-0.173201,0.019052,-0.009060,0.035979
37.650002,-58.500000,34.349998,0.531513,-9.763555,1.747767,-0.169204,0.012257,-0.008527,0.036021
37.650002,-58.500000,34.349998,0.562637,-9.773131,1.644817,-0.168538,0.012923,-0.009459,0.035979
36.900002,-57.599998,34.799999,0.624887,-9.818622,1.764527,-0.169337,0.014789,-0.013190,0.036021
36.900002,-57.599998,34.799999,0.586579,-9.799467,1.654393,-0.156946,0.011591,-0.008660,0.035979
36.900002,-57.599998,34.799999,0.586579,-9.868899,1.426944,-0.154948,0.011325,-0.006662,0.036021
37.349998,-58.799999,32.549999,0.584185,-9.844957,1.489193,-0.147487,0.020384,-0.009593,0.035979
36.750000,-58.200001,33.150002,0.560243,-9.859323,1.482011,-0.142025,0.011724,-0.005196,0.036021
36.750000,-58.200001,33.150002,0.495600,-9.804255,1.541866,-0.136962,0.010792,-0.010525,0.035979
36.599998,-59.250000,32.549999,0.565032,-9.789890,1.400608,-0.145622,0.010525,-0.013323,0.036025
36.900002,-59.549999,32.549999,0.488417,-9.854534,1.335965,-0.145222,0.017187,-0.009193,0.035975
36.000000,-59.849998,31.950001,0.555455,-9.880871,1.417367,-0.132698,0.012923,-0.017187,0.036021
37.200001,-60.599998,31.950001,0.536301,-9.952697,1.403002,-0.114845,0.011991,-0.002665,0.034863
37.200001,-60.599998,31.950001,0.524330,-9.821015,1.161188,-0.116444,0.002798,-0.019585,0.036142
37.349998,-60.000000,31.049999,0.691924,-9.883265,1.357512,-0.119508,0.017453,-0.009193,0.036016
37.349998,-60.000000,31.049999,0.497994,-9.842564,1.163582,-0.113513,0.013723,-0.005995,0.035984
37.349998,-60.000000,31.049999,0.572214,-9.811439,1.233014,-0.115511,0.006129,-0.010792,0.036016
39.450001,-59.849998,30.450001,0.572214,-9.955091,1.187524,-0.119908,0.010792,-0.011591,0.035979
39.450001,-59.849998,30.450001,0.529119,-9.878476,1.130063,-0.120441,0.018386,-0.007328,0.036021
36.750000,-58.650002,31.650000,0.600945,-9.897630,1.223437,-0.122440,0.018652,-0.008260,0.035984
37.200001,-60.599998,30.900000,0.486023,-9.828198,1.163582,-0.118709,0.006928,-0.012790,0.036016
38.099998,-59.250000,31.049999,0.608127,-9.816227,1.122881,-0.120441,0.010392,-0.010525,0.035979
38.099998,-59.250000,31.049999,0.502782,-9.823410,0.995988,-0.131100,0.014389,-0.008127,0.036021
36.750000,-58.650002,30.450001,0.536301,-9.837775,1.005565,-0.134830,0.009726,-0.008527,0.035984
36.750000,-58.650002,30.150000,0.581791,-9.923966,1.074997,-0.143224,0.008793,-0.011058,0.036016
36.750000,-58.650002,30.150000,0.512359,-9.854534,0.960075,-0.150418,0.015721,-0.004130,0.035979
36.750000,-58.650002,30.150000,0.519542,-9.902418,0.988805,-0.157213,0.013989,-0.006129,0.036021
35.549999,-59.099998,30.450001,0.512359,-9.955091,0.816423,-0.148153,0.020118,-0.012124,0.035984
35.549999,-59.099998,30.450001,0.584185,-9.988609,0.950498,-0.128701,0.013989,-0.015855,0.036016
37.200001,-60.150002,28.950001,0.486023,-10.043676,0.830788,-0.069413,0.007328,-0.011724,0.034859
38.099998,-60.750000,29.549999,0.560243,-10.026917,0.864307,-0.035839,0.013190,-0.016387,0.036136
37.349998,-59.549999,28.799999,0.536301,-9.835381,0.869095,-0.014789,0.009859,-0.030643,0.034816
37.500000,-60.599998,29.400000,0.409408,-9.852140,0.811634,-0.041968,0.011458,-0.035173,0.036184
36.000000,-59.099998,28.950001,0.603339,-9.916783,0.823605,-0.049162,-0.002132,-0.030110,0.035979
36.000000,-59.099998,28.950001,0.526724,-9.725247,0.778116,-0.041701,-0.013057,-0.022783,0.036021
37.200001,-59.849998,28.650000,0.610521,-9.967062,0.926556,-0.025580,0.015721,-0.025847,0.035984
37.200001,-59.849998,28.650000,0.555455,-9.964667,1.058237,-0.024381,0.009459,-0.014123,0.036016
36.900002,-59.250000,28.799999,0.529119,-9.770737,0.818817,-0.033574,0.010925,-0.015188,0.035979
36.900002,-59.250000,28.799999,0.651223,-9.878476,0.806846,-0.028378,0.009726,-0.011058,0.036021
36.900002,-59.250000,28.799999,0.600945,-9.854534,0.873884,-0.033974,0.011325,-0.014922,0.035979
35.849998,-60.000000,30.299999,0.531513,-9.933543,0.928950,-0.032375,0.017054,-0.010259,0.036021
36.150002,-60.000000,28.049999,0.617704,-9.962274,0.938527,-0.037971,0.013989,-0.012257,0.035979
36.150002,-60.000000,28.049999,0.593762,-9.902418,0.962469,-0.031842,0.009593,-0.008926,0.036021
36.450001,-60.599998,28.950001,0.603339,-9.988609,0.849942,0.034374,0.006928,-0.005596,0.034859
37.950001,-59.099998,30.450001,0.598550,-10.012551,1.134852,0.189855,0.013057,-0.011058,0.035017
36.900002,-58.799999,30.600000,0.584185,-9.995792,1.201889,0.229424,0.015721,-0.014522,0.036141
36.450001,-60.150002,31.950001,0.557849,-9.914390,1.381454,0.252073,0.005862,-0.020518,0.036021
36.450001,-60.150002,31.950001,0.588974,-9.861717,1.450886,0.268194,0.003997,-0.013590,0.035979
36.450001,-60.150002,31.950001,0.615310,-9.799467,1.596933,0.278054,0.020651,-0.017453,0.036021
37.500000,-57.900002,32.700001,0.505177,-9.708488,1.769315,0.288312,0.013723,-0.015588,0.035979
37.500000,-57.900002,32.700001,0.557849,-9.713276,1.802834,0.280452,0.002398,-0.009726,0.036021
38.099998,-58.500000,35.099998,0.706290,-9.773131,1.977611,0.285115,0.014522,-0.021184,0.035979
38.099998,-58.500000,35.099998,0.572214,-9.739613,2.008735,0.302568,0.016387,-0.013323,0.036021
37.650002,-58.500000,36.599998,0.529119,-9.624691,2.152387,0.301502,0.001466,-0.016521,0.035979
37.500000,-58.650002,36.750000,0.746991,-9.572019,2.291251,0.300037,0.015455,-0.019319,0.036021
37.500000,-58.650002,36.750000,0.519542,-9.296685,2.384625,0.257802,0.018919,-0.024381,0.035979
35.849998,-57.599998,38.099998,0.588974,-9.246407,2.578555,0.211038,0.015721,-0.030510,0.036021
37.349998,-58.049999,38.549999,0.615310,-9.399636,2.576161,0.155348,0.018519,-0.019319,0.035979
37.500000,-57.450001,38.700001,0.622492,-9.476251,2.602497,0.128035,0.012257,-0.013856,0.036021
37.500000,-57.450001,38.700001,0.569820,-9.519346,2.667141,0.121773,0.009326,-0.009593,0.035984
37.500000,-57.450001,38.700001,0.648829,-9.500193,2.717419,0.129900,0.012923,-0.012657,0.036016
37.650002,-58.500000,40.349998,0.514753,-9.473856,2.944868,0.135763,0.015855,-0.015455,0.035980
37.650002,-58.500000,40.349998,0.581791,-9.548077,3.011906,0.141625,0.003597,-0.020518,0.036021
37.650002,-58.500000,40.349998,0.679953,-9.430760,2.889802,0.138827,0.014789,-0.022516,0.035979
36.750000,-55.500000,40.950001,0.656011,-9.459491,3.026271,0.153349,0.015855,-0.017720,0.036021
38.400002,-56.099998,41.099998,0.584185,-9.555259,3.040636,0.166939,0.007727,-0.009859,0.035979
38.400002,-56.099998,41.099998,0.596156,-9.442732,3.148375,0.170802,0.009992,-0.010792,0.036021
37.200001,-57.000000,42.450001,0.605733,-9.363723,3.272874,0.172268,0.009459,-0.011458,0.035979
36.900002,-54.900002,42.599998,0.720655,-9.385271,3.397372,0.172934,0.011991,-0.015721,0.036021
36.900002,-55.349998,43.650002,0.634463,-9.337387,3.426103,0.183992,0.021051,-0.008926,0.035979
36.900002,-55.349998,43.650002,0.629675,-9.315839,3.442862,0.203311,0.009726,-0.011991,0.036021
38.099998,-55.650002,44.400002,0.670376,-9.275137,3.574543,0.210106,0.000933,-0.011058,0.035979
38.099998,-55.650002,44.400002,0.634463,-9.315839,3.706224,0.231023,0.012790,-0.018119,0.036021
38.099998,-55.650002,44.400002,0.562637,-9.301474,3.833117,0.246211,0.011325,-0.012657,0.035979
37.500000,-55.500000,46.200001,0.574608,-9.227253,3.842694,0.261799,0.001466,-0.012923,0.036021
37.500000,-55.500000,46.200001,0.718261,-9.222465,3.938462,0.281651,0.007061,-0.013456,0.035979
37.200001,-55.049999,46.500000,0.644040,-9.093178,4.110844,0.299504,0.010392,-0.010525,0.036021
37.200001,-55.049999,46.500000,0.627281,-9.064447,4.132392,0.314959,0.012524,-0.008394,0.035979
36.599998,-54.150002,47.099998,0.670376,-8.949526,4.295198,0.325750,0.013323,-0.010126,0.036021
36.900002,-52.500000,49.349998,0.596156,-8.779537,4.496311,0.338274,0.015322,-0.014522,0.035979
37.500000,-53.099998,50.250000,0.660800,-8.803479,4.568137,0.329614,0.004930,-0.015988,0.036021
37.500000,-53.099998,50.250000,0.708684,-8.767567,4.596867,0.332545,0.015055,-0.015455,0.035979
37.200001,-53.099998,50.549999,0.612916,-8.633492,4.774038,0.335210,0.011191,-0.008926,0.036021
37.349998,-52.200001,51.599998,0.653617,-8.564059,4.819528,0.320554,0.004397,-0.014789,0.035979
37.349998,-52.200001,51.599998,0.632069,-8.523358,4.951209,0.317090,0.012657,-0.019585,0.036021
37.349998,-52.200001,51.599998,0.677559,-8.530540,5.149928,0.318289,0.012790,-0.017986,0.035975
37.500000,-50.400002,52.500000,0.615310,-8.394072,5.295974,0.318156,0.006528,-0.009992,0.036025
37.500000,-50.400002,52.500000,0.763750,-8.271967,5.276821,0.307098,0.017320,-0.013456,0.035979
37.500000,-50.400002,52.500000,0.751779,-8.176199,5.451597,0.287380,0.028778,-0.012391,0.036020
37.650002,-49.500000,54.450001,0.586579,-8.123527,5.319916,0.282850,0.030377,-0.007061,0.035979
37.500000,-48.900002,54.750000,0.596156,-8.101978,5.592855,0.303501,0.022383,-0.009326,0.036021
37.200001,-49.650002,55.500000,0.497994,-8.137892,5.827487,0.316424,0.001199,-0.014655,0.035979
37.200001,-49.650002,55.500000,0.610521,-8.030152,5.920861,0.310296,0.007461,-0.017720,0.036021
37.500000,-48.900002,56.549999,0.749385,-7.917625,5.973533,0.320821,0.008793,-0.019585,0.035979
38.250000,-48.450001,58.500000,0.562637,-7.747637,6.033388,0.319755,0.014123,-0.018519,0.036021
38.250000,-48.450001,58.500000,0.598550,-7.711724,6.162675,0.321753,0.014389,-0.010792,0.035979
37.349998,-47.849998,58.650002,0.636858,-7.527370,6.306327,0.326816,0.008127,-0.008926,0.036021
37.349998,-47.849998,58.650002,0.634463,-7.467515,6.409278,0.329348,0.004796,-0.012657,0.035979
37.500000,-45.299999,59.250000,0.593762,-7.433996,6.552930,0.328149,0.011325,-0.012524,0.036021
37.500000,-45.299999,59.250000,0.670376,-7.326257,6.567295,0.320288,0.017853,-0.010792,0.035979
37.500000,-45.299999,59.250000,0.689530,-7.271191,6.720524,0.313893,0.016787,-0.008660,0.036021
37.950001,-45.000000,62.549999,0.701501,-7.177817,6.746861,0.310162,0.029311,-0.008260,0.035985
37.950001,-45.000000,62.549999,0.653617,-7.134721,6.890512,0.308164,0.041701,-0.010392,0.036015
36.000000,-44.099998,62.099998,0.497994,-7.096414,6.880936,0.307498,0.021983,-0.000400,0.035984
39.150002,-42.450001,61.950001,0.502782,-6.868965,7.084443,0.295907,0.009859,-0.007861,0.036016
38.099998,-42.450001,63.450001,0.620098,-6.758832,7.101202,0.288712,0.006928,-0.016521,0.035979
38.099998,-42.450001,63.450001,0.787692,-6.682217,7.201759,0.280319,0.012923,-0.014655,0.036021
38.099998,-42.450001,64.949997,0.617704,-6.696582,7.230489,0.275256,0.012124,-0.022916,0.035979
38.400002,-41.250000,64.650002,0.569820,-6.567295,7.359776,0.267262,0.008660,-0.014256,0.036021
38.400002,-41.250000,64.650002,0.632069,-6.433220,7.431602,0.263132,0.014123,-0.014123,0.035979
38.400002,-41.250000,64.650002,0.646434,-6.375759,7.606379,0.240749,0.006262,-0.021317,0.036021
39.000000,-40.650002,63.599998,0.562637,-6.212954,7.702147,0.227026,0.009459,-0.017720,0.035979
39.000000,-40.650002,63.599998,0.751779,-6.210559,7.769185,0.216234,0.014789,-0.019985,0.036021
39.000000,-40.650002,63.599998,0.711078,-6.129156,7.601591,0.209972,0.020118,-0.017986,0.035979
39.599998,-40.049999,66.750000,0.636858,-6.081272,7.654263,0.219032,0.025314,-0.019585,0.036021
38.099998,-38.549999,64.650002,0.557849,-5.935226,7.773973,0.218766,0.021717,-0.016654,0.035979
39.000000,-37.500000,67.050003,0.517148,-5.942409,7.953538,0.201312,0.017187,-0.014256,0.036021
39.000000,-37.500000,67.050003,0.665588,-5.844246,7.994239,0.197049,0.008260,-0.026247,0.035979
38.250000,-38.250000,67.349998,0.694318,-5.846641,8.056489,0.196649,0.010792,-0.017320,0.036021
40.200001,-38.700001,67.349998,0.603339,-5.837064,8.061277,0.199714,0.017320,-0.013057,0.035979
37.200001,-37.950001,67.800003,0.615310,-5.714960,7.963115,0.207441,0.014789,-0.015855,0.036021
37.200001,-37.950001,67.800003,0.634463,-5.640739,8.133103,0.220098,0.015988,-0.014256,0.035979
37.200001,-37.950001,67.800003,0.608127,-5.475539,8.250419,0.222763,0.008260,-0.013190,0.036021
38.250000,-37.049999,69.300003,0.644040,-5.530606,8.305486,0.225827,0.007194,-0.022116,0.035979
38.250000,-37.049999,69.300003,0.763750,-5.312734,8.183381,0.227426,0.018253,-0.014655,0.036021
38.250000,-37.049999,69.300003,0.577003,-5.300763,8.310274,0.228758,0.014522,-0.023582,0.035979
38.099998,-35.400002,69.000000,0.562637,-5.231331,8.410830,0.231289,0.004263,-0.012257,0.036021
38.700001,-33.599998,69.300003,0.646434,-5.147533,8.487445,0.239150,0.009060,-0.013456,0.035979
38.700001,-33.599998,69.300003,0.648829,-4.967968,8.482656,0.237285,0.005862,-0.020518,0.036021
38.250000,-34.049999,68.849998,0.708684,-4.888960,8.571242,0.228358,0.020118,-0.019851,0.035984
39.150002,-32.549999,70.199997,0.696713,-4.747702,8.578424,0.223296,0.011191,-0.017986,0.036016
39.150002,-32.549999,70.199997,0.591368,-4.860229,8.690952,0.229557,0.010259,-0.018519,0.035979
38.099998,-33.000000,70.949997,0.730232,-4.709395,8.698134,0.243680,0.011991,-0.013723,0.036021
38.700001,-32.849998,70.349998,0.519542,-4.541800,8.753201,0.250608,0.015455,-0.010792,0.035985
38.700001,-32.849998,70.349998,0.658405,-4.383783,8.791509,0.247943,0.009459,-0.014123,0.036015
38.700001,-32.849998,70.349998,0.646434,-4.345476,8.947132,0.245012,0.013590,-0.009992,0.035979
38.099998,-31.049999,70.500000,0.730232,-4.220978,8.932767,0.242214,0.006795,-0.011858,0.036021
38.099998,-31.049999,70.500000,0.675165,-4.213795,8.829816,0.240882,0.010658,-0.013190,0.035984
38.400002,-28.650000,72.750000,0.644040,-4.041412,8.834604,0.229424,0.008127,-0.018253,0.036016
38.400002,-28.650000,72.750000,0.624887,-3.991134,8.935161,0.224894,0.013190,-0.018386,0.035979
37.650002,-28.650000,72.750000,0.598550,-3.933673,9.085996,0.226360,0.014655,-0.010792,0.036021
38.700001,-27.299999,72.900002,0.660800,-3.825934,9.085996,0.225560,0.013190,-0.010259,0.035979
38.700001,-27.299999,72.900002,0.687136,-3.768473,9.035717,0.231289,0.011325,-0.008527,0.036021
38.099998,-28.350000,73.500000,0.658405,-3.643975,9.028535,0.223962,0.008793,-0.014123,0.035979
38.099998,-26.400000,74.699997,0.603339,-3.512294,9.188946,0.213836,0.014389,-0.015188,0.036021
39.150002,-27.450001,74.250000,0.646434,-3.356671,9.208099,0.190787,0.009992,-0.013590,0.035979
39.150002,-27.450001,74.250000,0.624887,-3.335123,9.277532,0.177864,0.013190,-0.016387,0.036021
39.150002,-27.450001,74.250000,0.715866,-3.342306,9.394848,0.182260,0.015455,-0.017986,0.035979
39.000000,-24.600000,74.400002,0.711078,-3.258508,9.311050,0.195850,0.004530,-0.012657,0.036021
39.000000,-24.600000,74.400002,0.720655,-3.112462,9.265560,0.194384,0.011591,-0.014922,0.035979
39.000000,-24.600000,74.400002,0.632069,-3.038242,9.282320,0.187456,0.010259,-0.025314,0.036021
38.700001,-22.950001,72.900002,0.608127,-2.930503,9.418790,0.195983,0.011991,-0.019585,0.035979
39.450001,-24.150000,72.900002,0.603339,-2.820370,9.485827,0.190654,0.013190,-0.011458,0.036021
39.450001,-24.150000,72.900002,0.665588,-2.758120,9.399636,0.187323,0.011591,-0.010126,0.035979
39.000000,-24.600000,75.150002,0.735020,-2.671929,9.342175,0.170802,0.008394,-0.019452,0.036021
39.150002,-23.549999,76.500000,0.612916,-2.573767,9.373300,0.160810,0.011458,-0.020917,0.035979
38.700001,-22.950001,75.599998,0.653617,-2.528277,9.442732,0.149885,0.017587,-0.009593,0.036020
38.700001,-22.950001,75.599998,0.596156,-2.509123,9.461885,0.137495,0.018786,-0.013323,0.035980
38.400002,-21.299999,75.000000,0.610521,-2.449268,9.502586,0.138427,0.009459,-0.016121,0.036021
38.400002,-21.299999,75.000000,0.682347,-2.458845,9.605537,0.141891,0.018253,-0.014389,0.035979
38.400002,-21.299999,75.000000,0.644040,-2.458845,9.555259,0.156813,0.010925,-0.012790,0.036021
39.150002,-20.850000,75.000000,0.715866,-2.317587,9.504981,0.168937,0.009060,-0.017453,0.035979
39.150002,-20.850000,75.000000,0.581791,-2.212242,9.627085,0.181194,0.007994,-0.017187,0.036021
40.200001,-19.500000,74.400002,0.641646,-2.147599,9.627085,0.200247,0.006795,-0.015588,0.035979
40.200001,-19.500000,74.400002,0.624887,-2.154782,9.619903,0.217300,0.011058,-0.015855,0.036021
39.599998,-18.450001,75.000000,0.689530,-1.946486,9.629479,0.218899,0.002531,-0.009859,0.035979
38.849998,-19.350000,75.750000,0.775721,-1.802834,9.583989,0.209040,0.013323,-0.015588,0.036021
38.250000,-18.299999,75.150002,0.586579,-1.558625,9.579201,0.197182,0.014922,-0.021184,0.035979
38.250000,-18.299999,75.150002,0.636858,-1.493982,9.682152,0.171469,0.006395,-0.014655,0.036021
39.599998,-18.900000,75.449997,0.751779,-1.417367,9.662998,0.136029,0.008926,-0.015455,0.035979
38.849998,-17.400000,75.750000,0.565032,-1.410185,9.785102,0.107917,0.010925,-0.016387,0.036021
38.849998,-17.400000,75.750000,0.644040,-1.345541,9.615114,0.086067,0.015455,-0.019718,0.035979
38.849998,-17.400000,75.750000,0.665588,-1.173159,9.679757,0.060221,0.004397,-0.006395,0.036021
39.150002,-16.950001,76.199997,0.706290,-1.144428,9.631873,0.010658,0.008527,-0.012124,0.035979
39.150002,-16.950001,76.199997,0.663194,-1.072602,9.562442,-0.041435,0.014789,-0.017587,0.036021
39.150002,-16.950001,76.199997,0.553061,-1.125275,9.643845,-0.085668,0.011991,-0.021450,0.035979
39.000000,-17.100000,76.349998,0.670376,-1.247379,9.775525,-0.100723,0.011724,-0.018386,0.036021
40.349998,-15.750000,75.000000,0.696713,-1.216254,9.983821,-0.125637,0.017986,-0.022783,0.035985
40.200001,-16.350000,75.599998,0.742203,-1.314417,9.610326,-0.148553,0.013989,-0.026113,0.036015
40.200001,-16.350000,75.599998,0.730232,-1.572991,9.768343,-0.135763,0.026779,-0.015188,0.035979
39.750000,-17.100000,74.849998,0.615310,-1.477222,9.648633,-0.151884,0.021450,-0.016787,0.036021
40.200001,-17.549999,75.900002,0.569820,-1.386243,9.828198,-0.160810,0.018919,-0.023315,0.035979
40.200001,-17.549999,75.900002,0.565032,-1.453280,9.780313,-0.186124,0.016254,-0.015855,0.036021
40.049999,-17.400000,76.199997,0.730232,-1.510741,9.581595,-0.210772,0.001066,-0.015055,0.035979
40.049999,-17.400000,76.199997,0.866701,-1.532289,9.710882,-0.246211,0.009726,-0.014123,0.036021
39.750000,-19.049999,76.650002,0.617704,-1.640028,9.588778,-0.269527,0.016654,-0.010525,0.035979
39.750000,-19.049999,76.650002,0.622492,-1.742979,9.595961,-0.296839,0.018519,-0.005329,0.036021
39.750000,-19.049999,76.650002,0.632069,-1.807622,9.619903,-0.322020,0.008260,-0.000400,0.035979
39.450001,-20.250000,76.349998,0.773327,-1.999158,9.701305,-0.332812,0.011325,-0.006528,0.036021
39.450001,-20.250000,76.349998,0.596156,-2.171541,9.658210,-0.352530,-0.003198,-0.004397,0.035979
38.849998,-20.100000,75.750000,0.713472,-2.224213,9.514558,-0.347734,0.003331,0.006262,0.036021
39.599998,-21.299999,75.000000,0.718261,-2.377442,9.493010,-0.349998,0.015855,0.006928,0.035979
39.000000,-22.650000,75.150002,0.560243,-2.463634,9.476251,-0.342937,0.014123,-0.004130,0.036021
39.000000,-22.650000,75.150002,0.581791,-2.497152,9.473856,-0.338940,0.007861,-0.003864,0.035979
38.849998,-20.400000,73.500000,0.550666,-2.580950,9.521740,-0.341605,0.014389,-0.009060,0.036021
38.700001,-22.650000,75.150002,0.684742,-2.722207,9.442732,-0.347067,0.008793,-0.001332,0.035979
38.700001,-22.650000,75.150002,0.651223,-2.782062,9.394848,-0.364121,0.014123,-0.007727,0.036021
38.700001,-22.650000,75.150002,0.586579,-2.796427,9.282320,-0.371049,0.005596,-0.003597,0.035979
39.450001,-22.950001,73.650002,0.574608,-2.916138,9.294291,-0.397962,-0.005462,-0.003597,0.036021
39.450001,-22.950001,73.650002,0.617704,-3.100491,9.387665,-0.414216,0.003464,0.003464,0.035980
39.450001,-22.950001,73.650002,0.837971,-3.414132,9.385271,-0.401159,0.029178,0.003064,0.036021
38.099998,-26.400000,73.199997,0.574608,-3.593697,9.157822,-0.381441,0.024781,0.001865,0.035979
38.849998,-25.500000,72.750000,0.481235,-3.596091,9.026140,-0.353995,0.010392,-0.000666,0.036021
39.450001,-27.299999,71.849998,0.670376,-3.713407,9.212888,-0.328282,0.012657,0.002798,0.035979
39.450001,-27.299999,71.849998,0.545878,-3.801992,9.030929,-0.312960,0.017986,-0.009859,0.036021
39.000000,-28.049999,72.900002,0.636858,-3.900155,9.143456,-0.291643,0.009459,-0.007461,0.035979
38.700001,-27.299999,72.900002,0.622492,-3.897760,9.143456,-0.279919,0.007594,-0.004130,0.036020
38.849998,-28.350000,72.750000,0.699107,-3.938462,9.150639,-0.274989,0.017054,-0.007994,0.035980
38.849998,-28.350000,72.750000,0.641646,-4.034230,8.961497,-0.281518,0.009593,-0.007594,0.036021
38.849998,-28.350000,72.750000,0.615310,-4.134786,8.813056,-0.283383,0.005462,-0.015855,0.035979
39.000000,-29.700001,72.150002,0.720655,-4.189853,8.848969,-0.282051,0.009060,-0.009859,0.036021
39.000000,-29.700001,72.150002,0.672771,-4.242526,8.877700,-0.281784,0.016920,-0.012790,0.035979
39.000000,-29.700001,72.150002,0.646434,-4.292804,8.918402,-0.279119,0.019319,-0.009193,0.036021
39.150002,-30.299999,70.949997,0.603339,-4.292804,8.870518,-0.285648,0.012657,-0.007461,0.035979
39.000000,-31.650000,71.099998,0.667982,-4.448427,8.671799,-0.285381,0.007861,-0.002798,0.036020
39.000000,-31.650000,71.099998,0.715866,-4.584896,8.659827,-0.280985,0.022916,-0.003597,0.035980
39.150002,-29.850000,70.500000,0.507571,-4.601655,8.729259,-0.280452,0.007461,-0.007594,0.036021
40.200001,-32.400002,70.349998,0.591368,-4.707001,8.669404,-0.276455,0.010658,-0.007194,0.035979
40.200001,-32.400002,70.349998,0.622492,-4.726154,8.427590,-0.266995,0.011058,-0.002398,0.036021
38.250000,-32.400002,70.349998,0.586579,-4.745308,8.688558,-0.267795,0.015322,-0.007727,0.035979
38.700001,-32.849998,70.800003,0.739808,-4.989516,8.604761,-0.241415,0.018519,-0.011458,0.036021
38.700001,-32.849998,70.800003,0.641646,-4.994305,8.532935,-0.244613,0.006528,-0.001998,0.035979
38.700001,-32.849998,70.800003,0.665588,-5.027823,8.401254,-0.243680,0.011991,-0.002265,0.036021
39.150002,-33.450001,70.199997,0.593762,-5.011064,8.291121,-0.254338,0.011591,-0.010126,0.035979
