0.750000,-9.000000,77.400002,-0.962469,-1.982399,9.667787,-0.060753,0.031176,-0.016387,0.161132
-0.900000,-9.900000,79.050003,-0.787692,-2.059013,9.617508,-0.042368,0.006129,-0.003198,0.034782
-0.450000,-9.150000,77.550003,-0.794875,-1.905785,9.679757,-0.047830,0.003464,-0.017986,0.035143
-0.900000,-11.100000,78.750000,-0.608127,-2.078167,9.801862,-0.056224,0.011591,-0.013057,0.035030
-0.900000,-11.100000,78.750000,-0.926556,-2.063802,9.646238,-0.041701,0.005596,-0.011325,0.034970
-0.900000,-11.100000,78.750000,-0.871489,-1.934515,9.598354,-0.052493,0.004397,-0.018253,0.035033
0.000000,-10.500000,78.150002,-0.646434,-1.944092,9.639056,-0.057822,0.010392,-0.008926,0.034967
0.000000,-10.500000,78.150002,-0.754174,-1.936909,9.641450,-0.059021,0.010925,-0.009726,0.035030
0.000000,-10.500000,78.150002,-0.768539,-2.092532,9.706094,-0.049828,0.012391,-0.008793,0.034970
-0.300000,-10.500000,78.900002,-0.849942,-2.126051,9.619903,-0.046764,0.014123,-0.012657,0.035030
-1.650000,-10.350000,78.000000,-0.744597,-1.939303,9.495404,-0.047164,0.010259,-0.010525,0.035970
-1.650000,-10.350000,78.000000,-0.739808,-1.975216,9.552865,-0.051827,0.019185,-0.016654,0.036032
0.000000,-9.750000,77.400002,-0.713472,-1.987187,9.648633,-0.060487,0.006528,-0.016521,0.035968
-0.750000,-10.500000,77.400002,-0.823605,-2.035071,9.634268,-0.047697,0.020251,-0.007061,0.036031
1.500000,-10.050000,78.900002,-0.854730,-2.030283,9.686940,-0.052093,0.011191,-0.008527,0.035969
1.500000,-10.050000,78.900002,-0.802058,-1.958457,9.564836,-0.052493,0.011858,-0.012391,0.036025
0.150000,-10.350000,77.250000,-0.809240,-2.006341,9.610326,-0.052893,0.006928,-0.015588,0.035974
0.150000,-10.350000,77.250000,-0.718261,-2.114080,9.696517,-0.041435,0.008793,-0.009459,0.036026
0.150000,-10.350000,77.250000,-0.859518,-2.032677,9.653421,-0.047297,0.013190,-0.013456,0.035974
-1.650000,-10.350000,78.000000,-0.766145,-1.977611,9.521740,-0.050628,0.013989,-0.009859,0.036030
-1.650000,-10.350000,78.000000,-0.768539,-1.975216,9.667787,-0.053559,0.017853,-0.008793,0.035970
0.150000,-9.150000,78.000000,-0.780510,-2.015918,9.684546,-0.055824,0.009193,0.002132,0.036030
0.150000,-9.150000,78.000000,-0.624887,-1.958457,9.634268,-0.065283,0.011591,-0.038237,0.035970
0.150000,-9.150000,78.000000,-0.936133,-2.219425,9.545682,-0.059954,0.009459,-0.020251,0.036026
-0.450000,-9.450000,77.550003,-0.940921,-2.075773,9.581595,-0.028778,0.006528,0.018519,0.035974
-0.450000,-9.450000,77.550003,-0.744597,-1.833959,9.497798,-0.019585,-0.005862,-0.004530,0.036030
0.450000,-10.350000,77.550003,-1.017536,-2.446874,9.416395,0.053426,0.005462,0.013057,0.035970
-0.300000,-10.500000,79.650002,-0.828394,-1.951274,9.536105,0.260600,0.021184,-0.024115,0.035035
-1.950000,-7.950000,78.300003,-0.744597,-1.522712,9.552865,0.283250,0.013323,-0.026513,0.035120
-0.900000,-8.400000,77.250000,-0.708684,-1.422156,9.682152,0.251674,0.010925,-0.030243,0.036031
-0.900000,-8.400000,77.250000,-0.782904,-1.254562,9.555259,0.225294,0.023049,-0.011724,0.035969
-0.900000,-8.400000,77.250000,-0.905008,-1.268927,9.598354,0.215835,0.016787,-0.015188,0.036026
0.450000,-6.000000,78.300003,-0.847547,-1.259350,9.756371,0.208773,0.009193,-0.014256,0.035974
0.450000,-6.000000,78.300003,-0.677559,-1.127669,9.782708,0.198914,0.009859,-0.004130,0.036032
0.300000,-5.400000,77.099998,-0.660800,-0.203507,9.646238,-0.088865,0.028911,-0.031576,0.034875
0.000000,-4.650000,77.400002,-1.022324,-1.079785,9.782708,-0.143224,0.007461,-0.015721,0.035133
-0.750000,-4.650000,77.849998,-1.098939,-1.563414,9.799467,-0.101922,-0.006129,0.011991,0.036014
-0.750000,-4.650000,77.849998,-0.725443,-1.403002,9.842564,-0.018652,-0.021051,0.010925,0.035986
-0.300000,-4.950000,78.150002,-0.557849,-1.031901,9.698911,-0.021850,0.021717,-0.006528,0.036014
-0.450000,-5.250000,78.000000,-0.866701,-0.926556,9.727641,-0.040103,0.010792,-0.016387,0.035986
-0.450000,-5.250000,78.000000,-0.787692,-1.113304,9.761160,-0.047031,0.015588,-0.012257,0.036016
-0.300000,-4.650000,78.150002,-0.797269,-1.120486,9.797073,-0.045565,0.010126,-0.015721,0.035985
-0.300000,-4.950000,75.900002,-0.766145,-1.118092,9.770737,-0.052093,0.001865,-0.009859,0.036015
-0.750000,-6.150000,77.849998,-0.713472,-1.175553,9.821015,-0.051161,0.010658,-0.008926,0.035985
-0.750000,-6.150000,77.849998,-0.758962,-1.055843,9.840169,-0.049828,0.007461,-0.010792,0.036015
-0.750000,-6.150000,77.849998,-0.833182,-1.101333,9.804255,-0.045832,0.016121,-0.003864,0.035985
-0.450000,-5.250000,77.550003,-0.864307,-1.070208,9.703699,-0.044899,0.010925,-0.019585,0.036015
-0.450000,-5.250000,77.550003,-0.770933,-1.113304,9.691729,-0.041568,0.014123,-0.017453,0.035985
-0.450000,-5.250000,77.550003,-0.782904,-1.096544,9.643845,-0.035573,0.018119,-0.013856,0.036010
0.150000,-6.000000,78.000000,-0.687136,-0.967257,9.842564,-0.047963,0.008127,-0.017986,0.035990
0.150000,-6.000000,78.000000,-0.809240,-1.029507,9.799467,-0.063551,0.013057,-0.006662,0.036016
0.150000,-6.000000,78.000000,-0.837971,-1.113304,9.775525,-0.085268,0.004930,-0.016521,0.035984
-0.450000,-5.550000,77.550003,-0.890643,-1.017536,9.713276,-0.099257,0.008527,-0.007994,0.036015
-0.300000,-6.150000,77.849998,-0.778116,-1.125275,9.718064,-0.099524,-0.002132,-0.001998,0.035985
0.900000,-5.250000,78.750000,-0.584185,-1.163582,9.734824,-0.104320,0.009726,0.000000,0.036014
0.900000,-5.250000,78.750000,-0.720655,-1.046266,9.703699,-0.127103,0.011191,-0.024781,0.035986
1.200000,-5.550000,78.000000,-0.849942,-0.926556,9.773131,-0.196783,0.009726,-0.022383,0.036016
-0.450000,-6.000000,79.500000,-0.797269,-0.957681,9.648633,-0.238884,0.015188,-0.004796,0.035984
-0.450000,-6.000000,79.500000,-0.782904,-1.086968,9.684546,-0.309896,0.011858,-0.012124,0.036018
-1.650000,-6.450000,79.050003,-0.651223,-1.192312,9.665392,-0.393165,0.013989,-0.010259,0.035982
-1.650000,-6.450000,79.050003,-0.711078,-1.304840,9.660604,-0.463645,0.024914,-0.005462,0.036015
0.300000,-7.800000,78.150002,-0.804452,-1.565808,9.643845,-0.515072,0.014123,-0.014256,0.035985
0.300000,-7.800000,78.150002,-0.866701,-1.817199,9.538500,-0.556374,0.013190,-0.006129,0.036016
0.300000,-7.800000,78.150002,-0.665588,-2.126051,9.682152,-0.581954,-0.004530,0.007328,0.035984
0.000000,-12.450000,78.150002,-0.682347,-2.140416,9.524135,-0.582221,0.018386,-0.001332,0.036010
-0.750000,-11.250000,78.599998,-0.840365,-2.308010,9.464279,-0.591413,0.006928,-0.004130,0.035994
-0.750000,-11.250000,78.599998,-0.761356,-2.717419,9.459491,-0.578090,0.007194,0.001865,0.036010
-0.300000,-14.400000,79.349998,-0.756568,-3.169923,9.373300,-0.483629,0.020118,-0.016521,0.034867
-0.300000,-14.400000,79.349998,-0.727837,-3.392584,9.464279,-0.430603,0.007594,0.005862,0.035125
0.000000,-15.600000,78.150002,-1.335965,-3.354277,8.987833,-0.400893,0.016654,0.019452,0.036025
-0.150000,-16.200001,78.300003,-0.402226,-3.406949,9.028535,-0.385305,-0.051827,0.106052,0.035975
0.000000,-20.250000,78.599998,-0.849942,-3.622427,8.887277,-0.320821,-0.003464,-0.046498,0.035034
0.000000,-20.250000,78.599998,-0.462081,-3.770868,9.212888,-0.324685,0.009859,-0.017054,0.035118
0.000000,-20.250000,78.599998,-0.775721,-3.869030,8.968679,-0.324418,0.017986,-0.003597,0.036029
-1.050000,-18.299999,78.900002,-0.909797,-3.964798,9.174581,-0.332545,0.011724,-0.024381,0.035975
-1.050000,-18.299999,78.900002,-0.926556,-3.744531,9.018958,-0.369850,0.016787,-0.032908,0.036030
-0.750000,-21.450001,77.849998,-0.785298,-3.830723,8.765172,-0.421011,0.023848,-0.009593,0.035970
-0.750000,-21.450001,77.849998,-0.715866,-4.132392,8.748413,-0.430870,0.021051,-0.008793,0.036032
0.300000,-22.200001,78.150002,-0.591368,-4.378995,8.880095,-0.436599,0.010259,-0.018386,0.035968
-1.200000,-20.850000,76.949997,-0.852336,-4.328717,8.717288,-0.455118,0.010259,-0.017054,0.036031
-1.200000,-20.850000,76.949997,-0.720655,-4.548983,8.760384,-0.460714,0.012257,-0.027979,0.035969
0.150000,-24.000000,77.550003,-0.797269,-4.704607,8.731653,-0.480432,0.018919,-0.026247,0.036025
-0.450000,-24.750000,76.199997,-0.720655,-4.836287,8.573636,-0.489625,0.024248,-0.026247,0.035975
-0.900000,-25.500000,76.949997,-0.598550,-5.133168,8.420407,-0.473637,0.016787,-0.019319,0.036031
-0.900000,-25.500000,76.949997,-0.737414,-5.202600,8.389283,-0.463911,0.021983,-0.019185,0.035969
0.900000,-25.500000,75.750000,-0.802058,-5.293580,8.329428,-0.467109,0.013723,-0.012657,0.036029
-0.900000,-27.150000,77.250000,-0.830788,-5.367800,8.331821,-0.467109,0.009593,-0.010658,0.035971
-0.900000,-27.150000,77.250000,-0.758962,-5.499481,8.125920,-0.479899,0.016121,-0.026513,0.036025
-0.900000,-27.150000,77.250000,-0.684742,-5.640739,8.054094,-0.502415,0.015588,-0.020251,0.035975
0.150000,-27.450001,76.199997,-0.641646,-5.664681,7.967903,-0.519469,0.022783,-0.016121,0.036025
0.150000,-27.450001,76.199997,-0.876278,-5.710171,7.668628,-0.552377,0.019452,-0.024248,0.035975
0.150000,-27.450001,76.199997,-0.857124,-5.997475,7.726089,-0.578890,0.027579,-0.030243,0.036025
0.450000,-31.500000,74.250000,-0.792481,-6.157887,7.635109,-0.605536,0.032775,-0.022250,0.035975
0.150000,-31.799999,72.449997,-0.667982,-6.349423,7.575254,-0.624322,0.018119,-0.018786,0.036030
0.000000,-33.599998,73.349998,-0.579397,-6.543353,7.343017,-0.615262,0.030776,-0.025314,0.035971
0.000000,-33.599998,73.349998,-0.821211,-6.761226,7.283162,-0.587949,0.016920,-0.020518,0.036025
0.450000,-36.900002,72.000000,-0.814029,-6.900089,7.141904,-0.551577,0.026113,-0.020251,0.035975
0.450000,-35.700001,71.699997,-0.821211,-7.007828,7.038953,-0.531593,0.030510,-0.029711,0.036030
0.450000,-35.700001,71.699997,-0.634463,-7.141904,6.967127,-0.512541,0.024515,-0.024515,0.035970
1.050000,-37.950001,71.099998,-0.787692,-7.489063,6.636727,-0.453786,0.016387,-0.013723,0.034815
-0.150000,-38.099998,70.949997,-0.885855,-7.436390,6.493075,-0.431403,0.021583,-0.010525,0.036183
-0.150000,-38.099998,70.949997,-0.770933,-7.462727,6.500257,-0.433268,0.010792,-0.011191,0.035977
-0.150000,-38.099998,70.949997,-0.636858,-7.661446,6.392519,-0.423542,0.021717,-0.011591,0.036021
1.200000,-41.549999,70.199997,-0.744597,-7.788338,6.229713,-0.410086,0.029577,-0.025980,0.035979
1.200000,-41.549999,70.199997,-0.648829,-7.809886,6.074090,-0.410619,0.024248,-0.021717,0.036022
1.200000,-41.549999,70.199997,-0.845153,-7.781156,6.042965,-0.408753,0.040236,-0.020251,0.035978
0.300000,-41.400002,68.550003,-0.802058,-7.829040,5.841852,-0.425807,0.039570,-0.029311,0.036022
0.450000,-41.250000,67.500000,-0.703895,-7.991845,5.916072,-0.430204,0.036239,-0.025847,0.035978
0.450000,-41.250000,67.500000,-0.682347,-8.121132,5.691018,-0.433135,0.036239,-0.024648,0.036022
0.450000,-42.750000,67.949997,-0.723049,-8.104373,5.719748,-0.438331,0.034240,-0.032109,0.035978
-0.300000,-43.799999,66.300003,-0.802058,-8.327033,5.566519,-0.418346,0.036639,-0.021317,0.036022
0.750000,-45.000000,66.300003,-0.790087,-8.377312,5.492299,-0.397695,0.032508,-0.013456,0.035978
0.750000,-45.000000,66.300003,-0.818817,-8.420407,5.279215,-0.360790,0.030243,-0.015855,0.036022
1.500000,-46.500000,64.800003,-0.739808,-8.494628,5.307945,-0.331879,0.022250,-0.027579,0.035978
1.500000,-46.500000,64.800003,-0.737414,-8.554482,5.197812,-0.325351,0.031443,-0.019452,0.036021
1.500000,-46.500000,64.800003,-0.682347,-8.492233,4.979939,-0.320021,0.036905,-0.016787,0.035979
1.500000,-46.950001,64.349998,-0.888249,-8.513782,5.078102,-0.322420,0.028911,-0.015588,0.036021
1.500000,-46.950001,64.349998,-0.821211,-8.556877,4.862624,-0.336809,0.034107,-0.018919,0.035983
1.800000,-46.049999,62.549999,-0.758962,-8.635885,4.805163,-0.352796,0.024248,-0.025980,0.036017
1.800000,-46.049999,62.549999,-0.826000,-8.688558,4.668694,-0.352530,0.031443,-0.019585,0.035979
1.800000,-46.049999,62.549999,-0.811634,-8.901642,4.541800,-0.325217,0.026779,-0.017853,0.036024
1.200000,-49.799999,61.950001,-0.830788,-8.899248,4.496311,-0.273790,0.032508,-0.022116,0.034871
1.200000,-49.799999,61.950001,-0.828394,-8.944737,4.455609,-0.258602,0.028378,-0.022783,0.036125
1.050000,-48.900002,60.599998,-0.718261,-8.949526,4.242526,-0.252473,0.034907,-0.022916,0.036030
2.400000,-51.000000,60.150002,-0.739808,-8.923190,4.261679,-0.259135,0.033974,-0.020118,0.035970
2.400000,-51.000000,60.150002,-0.811634,-8.975863,4.199430,-0.250874,0.027446,-0.023982,0.036030
2.400000,-51.450001,61.650002,-0.866701,-9.040505,4.165911,-0.242081,0.036905,-0.025314,0.035970
1.200000,-50.250000,60.150002,-0.804452,-9.009381,4.120421,-0.247277,0.030910,-0.020518,0.036031
1.200000,-50.250000,60.150002,-0.814029,-9.107543,4.151546,-0.242747,0.029444,-0.017986,0.035969
1.200000,-50.250000,60.150002,-0.703895,-9.059659,3.830723,-0.246877,0.022916,-0.018253,0.036031
0.450000,-51.750000,59.400002,-0.873884,-9.220071,3.916914,-0.236619,0.030510,-0.015188,0.035969
0.450000,-51.750000,59.400002,-0.842759,-9.220071,3.871424,-0.216900,0.015055,-0.016787,0.036025
0.450000,-51.750000,59.400002,-0.770933,-9.217676,3.878607,-0.196250,0.021850,-0.014789,0.035975
0.750000,-52.799999,58.500000,-0.852336,-9.258378,3.663129,-0.177730,0.021983,-0.011991,0.036029
0.750000,-52.799999,58.500000,-0.761356,-9.354146,3.687071,-0.167338,0.019985,-0.015188,0.035971
1.500000,-51.599998,57.750000,-0.739808,-9.301474,3.629610,-0.140825,0.019985,-0.013057,0.036031
0.900000,-51.450001,57.150002,-0.629675,-9.160215,3.754108,-0.010792,0.029977,-0.020518,0.035022
0.900000,-51.450001,57.150002,-0.684742,-9.172187,3.754108,-0.010126,0.036372,-0.020784,0.036133
0.000000,-52.349998,57.299999,-0.835576,-9.344569,3.701436,0.001199,0.019185,-0.020518,0.036009
1.200000,-51.000000,57.900002,-0.689530,-9.196129,3.620033,0.009459,0.029577,-0.023715,0.035991
1.200000,-51.000000,57.900002,-0.778116,-9.059659,3.732560,0.015988,0.031842,-0.007328,0.034823
1.650000,-51.450001,58.950001,-0.802058,-9.090784,3.533842,0.061686,0.019585,-0.006928,0.034809
1.650000,-51.450001,58.950001,-0.878672,-9.289502,3.670311,0.104320,0.007461,-0.008660,0.036181
2.400000,-50.549999,58.950001,-0.679953,-9.155427,4.065354,0.205309,0.009726,-0.014123,0.034979
0.300000,-51.150002,58.799999,-0.816423,-9.153033,4.137180,0.231956,0.012790,-0.016254,0.036174
1.500000,-51.150002,61.049999,-0.782904,-9.148245,4.141969,0.258069,0.008793,-0.016521,0.035977
1.650000,-49.049999,61.950001,-0.770933,-8.963891,4.515464,0.387836,0.009726,-0.014522,0.035035
0.750000,-48.000000,63.299999,-0.658405,-8.796297,4.814740,0.449655,0.008127,-0.017720,0.034867
1.500000,-47.700001,63.599998,-0.754174,-8.544906,4.872200,0.458449,0.016254,-0.017720,0.036125
1.500000,-47.700001,63.599998,-0.727837,-8.300697,4.958392,0.433268,0.011325,-0.017453,0.036025
0.900000,-45.900002,66.000000,-0.864307,-8.121132,5.166687,0.378643,0.023715,-0.005462,0.035975
0.900000,-45.900002,66.000000,-0.938527,-8.190564,5.382165,0.362655,0.010658,-0.008793,0.036031
0.900000,-45.900002,66.000000,-0.667982,-8.125920,5.528212,0.349599,0.001199,-0.015588,0.035969
0.150000,-42.450001,67.199997,-0.699107,-8.159439,5.616797,0.346135,0.011591,-0.017986,0.036030
0.150000,-42.450001,67.199997,-0.725443,-7.977480,5.765238,0.333478,0.009326,-0.014522,0.035970
1.950000,-43.500000,67.500000,-0.916979,-7.931990,5.827487,0.336542,0.017054,-0.017054,0.036031
-0.300000,-41.400002,68.550003,-0.828394,-7.951144,6.009446,0.348933,0.015055,-0.019185,0.035969
0.750000,-40.200001,69.599998,-0.684742,-7.908048,6.136339,0.370916,-0.000533,-0.013989,0.036031
0.750000,-40.200001,69.599998,-0.634463,-7.747637,6.232107,0.392499,0.013190,-0.017054,0.035969
1.650000,-39.299999,70.500000,-0.790087,-7.441179,6.308722,0.397828,0.009726,-0.019985,0.036031
1.050000,-40.200001,70.800003,-0.888249,-7.445967,6.461950,0.389302,0.013057,-0.017320,0.035969
-0.750000,-38.700001,71.099998,-0.871489,-7.460332,6.636727,0.389435,0.012391,-0.015322,0.036030
-0.750000,-38.700001,71.099998,-0.799663,-7.398083,6.543353,0.409020,0.018386,-0.012657,0.035970
0.000000,-38.250000,71.550003,-0.622492,-7.283162,6.813898,0.421544,0.014789,-0.021983,0.036031
0.000000,-38.250000,71.550003,-0.727837,-7.113173,6.840234,0.436599,0.002132,-0.025047,0.035969
0.000000,-38.250000,71.550003,-0.775721,-6.986280,7.091625,0.444726,0.007861,-0.007994,0.036030
0.150000,-35.700001,71.250000,-0.742203,-6.732495,7.141904,0.437265,0.006528,-0.017453,0.035970
0.150000,-35.700001,71.250000,-0.782904,-6.665458,7.173028,0.447657,0.022916,-0.030910,0.036032
-0.450000,-33.750000,73.949997,-0.758962,-6.627151,7.402872,0.448590,0.017320,-0.023848,0.035968
-0.450000,-33.750000,73.949997,-0.696713,-6.533776,7.503428,0.452986,0.006262,-0.015988,0.036032
1.800000,-31.950001,74.400002,-0.713472,-6.301539,7.627927,0.467508,0.006928,-0.022116,0.035968
0.150000,-30.299999,75.449997,-0.826000,-6.124368,7.694964,0.450322,0.003331,-0.018386,0.036031
0.150000,-30.299999,75.449997,-0.828394,-5.916072,7.750031,0.454585,0.012257,-0.016920,0.035969
1.050000,-29.700001,74.849998,-0.699107,-5.808333,7.972692,0.449256,0.001199,-0.015721,0.036026
-0.450000,-29.100000,76.500000,-0.500388,-5.595249,8.068460,0.430070,0.008527,-0.019052,0.035974
-0.450000,-27.450001,76.500000,-0.778116,-5.487510,8.231265,0.412884,0.022383,-0.018652,0.036031
-0.450000,-27.450001,76.500000,-0.821211,-5.322310,8.250419,0.379576,0.010525,-0.020251,0.035969
0.300000,-27.299999,76.349998,-0.830788,-5.233725,8.341399,0.373714,0.017587,-0.012391,0.036031
-0.750000,-25.350000,76.650002,-0.735020,-5.164293,8.372523,0.375179,0.010658,-0.016121,0.035973
-0.750000,-25.350000,76.650002,-0.689530,-5.097255,8.418014,0.383040,0.004930,-0.012923,0.036028
-0.750000,-25.350000,76.650002,-0.648829,-4.965574,8.583213,0.389835,0.009459,-0.013323,0.035968
-1.650000,-22.799999,78.000000,-0.797269,-4.821922,8.628703,0.392499,-0.004530,-0.017720,0.036030
-1.650000,-22.799999,78.000000,-0.756568,-4.654328,8.652645,0.393165,0.018253,-0.019052,0.035970
-1.650000,-22.799999,78.000000,-0.782904,-4.513070,8.702923,0.401559,0.015721,-0.019985,0.036030
0.750000,-22.200001,77.849998,-0.636858,-4.462792,8.889671,0.414216,0.016387,-0.026247,0.035970
-0.450000,-19.650000,78.000000,-0.577003,-4.283227,8.920795,0.428205,0.021983,-0.021450,0.036032
0.300000,-20.250000,77.849998,-0.682347,-4.079720,8.942344,0.438464,0.014389,-0.018919,0.035968
0.300000,-20.250000,77.849998,-0.799663,-3.833117,8.980651,0.443527,0.004930,-0.019718,0.036031
1.200000,-18.900000,77.550003,-0.687136,-3.622427,9.081207,0.443926,0.012524,-0.023848,0.035969
-0.150000,-16.500000,78.300003,-0.624887,-3.500323,9.155427,0.429538,0.017587,-0.019585,0.036026
0.300000,-16.799999,78.150002,-0.591368,-3.244143,9.186552,0.399161,0.015588,-0.019718,0.035974
0.300000,-16.799999,78.150002,-0.763750,-2.997540,9.181764,0.360657,0.007594,-0.020251,0.036030
0.300000,-16.799999,78.150002,-0.818817,-2.810793,9.311050,0.288312,0.007994,-0.017054,0.035971
0.300000,-12.900000,77.400002,-0.778116,-2.731784,9.481039,0.219432,-0.001599,-0.005462,0.036030
0.300000,-12.900000,77.400002,-0.663194,-2.774880,9.392453,0.191986,0.007194,-0.008260,0.035974
0.300000,-12.900000,77.400002,-0.581791,-2.765303,9.356541,0.161210,0.001865,-0.006662,0.036027
0.300000,-13.200000,78.150002,-0.574608,-2.712631,9.490616,0.148553,0.011458,-0.018652,0.035969
0.300000,-13.200000,78.150002,-0.696713,-2.561796,9.538500,0.137495,0.019985,-0.016121,0.036030
0.300000,-13.200000,78.150002,-0.782904,-2.585738,9.469068,0.130833,0.016920,-0.015188,0.035970
0.300000,-10.950000,78.599998,-0.804452,-2.633622,9.572019,0.138427,0.015055,-0.013590,0.036030
1.050000,-12.450000,78.150002,-0.646434,-2.571373,9.466674,0.149219,0.008394,-0.016121,0.035970
1.050000,-12.450000,78.150002,-0.584185,-2.561796,9.478644,0.164008,0.017587,-0.016521,0.036030
0.450000,-11.850000,78.300003,-0.672771,-2.449268,9.536105,0.172534,0.006528,-0.012524,0.035974
0.450000,-10.650000,79.050003,-0.751779,-2.312799,9.617508,0.187057,0.007328,-0.011724,0.036026
0.150000,-10.650000,78.300003,-0.775721,-2.185906,9.624691,0.206242,0.013456,-0.011991,0.035970
0.150000,-10.650000,78.300003,-0.646434,-2.255338,9.574412,0.215035,0.013323,-0.011458,0.036025
0.000000,-10.050000,77.849998,-0.648829,-2.070984,9.581595,0.229424,0.016654,-0.016521,0.035975
0.000000,-10.050000,77.849998,-0.617704,-1.927332,9.773131,0.215835,0.019185,-0.015188,0.036025
0.150000,-7.500000,78.000000,-0.723049,-1.766921,9.636662,0.212504,0.016254,-0.015721,0.035979
0.150000,-7.500000,78.000000,-0.806846,-1.649605,9.634268,0.192652,0.008394,-0.015455,0.036027
0.150000,-7.500000,78.000000,-0.785298,-1.513135,9.677363,0.180262,0.007194,-0.011458,0.035969
0.300000,-7.350000,78.150002,-0.658405,-1.503559,9.665392,0.154548,0.006795,-0.010658,0.036031
0.300000,-7.350000,78.150002,-0.608127,-1.537078,9.698911,0.148153,0.005196,-0.009593,0.035969
0.300000,-6.900000,78.599998,-0.596156,-1.393425,9.691729,0.152017,0.012923,-0.014123,0.036033
1.050000,-7.800000,78.900002,-0.727837,-1.266533,9.720459,0.148153,0.014389,-0.017054,0.035967
-0.300000,-5.400000,77.400002,-0.754174,-1.189918,9.706094,0.138960,0.009726,-0.017986,0.036030
-0.300000,-5.400000,77.400002,-0.634463,-1.072602,9.780313,0.117643,0.010392,-0.010126,0.035970
1.050000,-5.400000,78.150002,-0.596156,-0.828394,9.677363,0.098191,0.010658,-0.006662,0.036031
-0.450000,-4.050000,78.750000,-0.624887,-0.612916,9.797073,-0.028511,0.013723,-0.016387,0.035969
1.500000,-4.650000,76.650002,-0.739808,-0.735020,9.768343,-0.102188,0.005862,-0.011058,0.036031
1.500000,-4.650000,76.650002,-0.756568,-1.084573,9.708488,-0.128435,0.018519,-0.004930,0.035968
-0.750000,-5.850000,77.400002,-0.799663,-1.367089,9.749189,-0.094594,0.007461,-0.006395,0.036026
-0.750000,-5.850000,77.400002,-0.639252,-1.323994,9.665392,-0.083669,0.003064,-0.009992,0.035974
-0.750000,-5.850000,77.400002,-0.560243,-1.091756,9.703699,-0.089265,0.007727,-0.001066,0.036031
-1.650000,-5.550000,78.000000,-0.634463,-1.086968,9.763555,-0.126303,0.010658,0.001199,0.035969
-1.650000,-5.550000,78.000000,-0.687136,-1.003170,9.756371,-0.178397,0.011325,-0.008660,0.036031
-0.150000,-5.550000,78.300003,-0.773327,-1.103727,9.641450,-0.213969,0.012124,-0.007061,0.035969
-0.150000,-5.550000,78.300003,-0.687136,-1.192312,9.612720,-0.263265,0.013856,-0.011458,0.036031
0.750000,-5.400000,79.650002,-0.665588,-1.223437,9.607931,-0.318289,0.012923,-0.015855,0.035969
0.900000,-4.500000,78.750000,-0.557849,-1.331176,9.696517,-0.369051,0.010392,-0.004530,0.036026
0.900000,-4.500000,78.750000,-0.739808,-1.393425,9.595961,-0.433002,0.017320,-0.003597,0.035974
-0.750000,-6.600000,78.599998,-0.706290,-1.482011,9.500193,-0.509609,0.018519,-0.005196,0.036032
-0.150000,-8.700000,79.050003,-0.703895,-1.833959,9.533711,-0.571695,0.018386,0.000400,0.035968
1.050000,-9.000000,78.900002,-0.483629,-2.166753,9.612720,-0.605936,0.015455,0.009060,0.036032
1.050000,-9.000000,78.900002,-0.742203,-2.291251,9.402030,-0.634580,0.006395,-0.007994,0.035968
0.300000,-10.500000,77.849998,-0.763750,-2.602497,9.392453,-0.649636,0.015721,-0.003464,0.036030
-0.150000,-12.300000,78.000000,-0.746991,-2.774880,9.382876,-0.657096,0.009060,0.008527,0.035970
-0.150000,-12.300000,78.000000,-0.823605,-3.019088,9.239224,-0.637378,0.018919,-0.001466,0.036030
0.450000,-15.750000,78.000000,-0.656011,-3.438074,9.313444,-0.572095,0.017986,-0.007994,0.034876
0.450000,-15.750000,78.000000,-0.615310,-3.579332,9.162610,-0.538121,0.013989,-0.014522,0.036132
0.450000,-15.750000,78.000000,-0.842759,-3.749320,9.181764,-0.517204,0.008394,-0.011591,0.036010
1.200000,-17.700001,78.300003,-0.763750,-3.797204,9.129091,-0.494155,0.006262,-0.004796,0.035990
0.900000,-18.900000,79.800003,-0.706290,-3.967192,9.009381,-0.492156,0.012524,0.000799,0.036010
0.000000,-19.500000,79.349998,-0.706290,-4.115633,8.880095,-0.497086,0.015588,-0.001066,0.035990
0.000000,-19.500000,79.349998,-0.723049,-4.292804,8.916007,-0.499884,0.011724,0.002265,0.036010
0.450000,-20.400000,77.550003,-0.720655,-4.393360,8.810662,-0.503214,0.013723,-0.005462,0.035990
0.000000,-21.450001,78.599998,-0.785298,-4.426879,8.671799,-0.510542,0.013190,-0.005995,0.036010
0.000000,-21.450001,78.599998,-0.751779,-4.582502,8.645462,-0.544516,0.012790,-0.001199,0.035990
0.900000,-22.500000,77.550003,-0.727837,-4.903325,8.525752,-0.558905,0.010925,-0.005462,0.036014
0.000000,-25.350000,77.849998,-0.711078,-5.049371,8.473080,-0.555708,0.009459,-0.006262,0.035986
0.900000,-25.950001,76.500000,-0.823605,-5.286397,8.295909,-0.548113,0.012124,-0.009593,0.036010
0.900000,-25.950001,76.500000,-0.833182,-5.449203,8.293514,-0.528662,0.009593,-0.006928,0.035990
0.900000,-25.950001,76.500000,-0.744597,-5.530606,8.171411,-0.519602,0.008660,-0.003730,0.036010
1.200000,-27.900000,75.449997,-0.773327,-5.540183,8.145074,-0.518136,0.012257,-0.003198,0.035990
1.200000,-27.900000,75.449997,-0.732626,-5.652710,7.910442,-0.532126,0.010392,-0.007861,0.036014
1.200000,-27.900000,75.449997,-0.684742,-5.789180,7.876924,-0.552776,0.008394,-0.000400,0.035986
-1.050000,-30.900000,76.650002,-0.835576,-5.971139,7.745243,-0.560637,0.010392,0.000266,0.036014
0.300000,-30.900000,74.849998,-0.742203,-6.050148,7.692570,-0.565167,0.011858,-0.002665,0.035986
0.300000,-30.900000,74.849998,-0.691924,-6.296751,7.536947,-0.565700,0.012524,-0.004130,0.036014
0.300000,-31.200001,75.900002,-0.713472,-6.438008,7.398083,-0.571962,0.009193,-0.005995,0.035986
0.000000,-34.349998,74.849998,-0.749385,-6.593631,7.331046,-0.560504,0.015721,-0.007061,0.036015
0.300000,-34.349998,73.650002,-0.718261,-6.845023,7.228095,-0.564767,0.013856,-0.004530,0.035985
0.300000,-34.349998,73.650002,-0.881066,-6.936002,7.024588,-0.552243,-0.000666,-0.008527,0.036015
0.900000,-34.950001,73.199997,-0.826000,-7.077260,6.981492,-0.538254,0.011058,-0.002931,0.035989
0.150000,-36.450001,72.750000,-0.706290,-7.192182,6.854599,-0.521467,0.008926,-0.004930,0.036011
0.450000,-37.349998,72.449997,-0.727837,-7.271191,6.679823,-0.514805,0.010392,-0.006395,0.035985
0.450000,-37.349998,72.449997,-0.713472,-7.335834,6.672640,-0.529194,0.015988,-0.002132,0.036010
0.450000,-37.349998,72.449997,-0.797269,-7.378930,6.442797,-0.542518,0.015188,-0.000933,0.035990
1.800000,-40.200001,70.349998,-0.792481,-7.647080,6.368577,-0.546248,0.010925,-0.004130,0.036010
1.800000,-40.200001,70.349998,-0.761356,-7.762002,6.145916,-0.546781,0.006528,-0.009859,0.035990
1.800000,-40.200001,70.349998,-0.727837,-7.824251,5.959168,-0.537188,0.015721,-0.001599,0.036014
0.300000,-41.400002,68.849998,-0.723049,-7.876924,5.908890,-0.544649,0.009726,0.001865,0.035990
0.900000,-42.750000,69.000000,-0.735020,-8.006210,5.765238,-0.530926,0.011591,-0.008926,0.036013
0.900000,-42.750000,69.000000,-0.830788,-8.142680,5.734113,-0.516937,0.017986,-0.003864,0.035983
1.050000,-45.000000,68.550003,-0.809240,-8.252813,5.489904,-0.505613,0.005995,0.000666,0.036014
0.150000,-44.700001,66.750000,-0.732626,-8.353370,5.453991,-0.493622,0.014789,-0.008260,0.035990
0.150000,-44.700001,66.750000,-0.711078,-8.516175,5.322310,-0.471772,0.015721,-0.007328,0.036006
1.500000,-44.549999,65.849998,-0.694318,-8.631097,5.195418,-0.448456,0.013856,-0.001466,0.035990
0.900000,-45.900002,65.400002,-0.859518,-8.621520,4.996699,-0.419545,0.017587,-0.012124,0.036017
-0.150000,-46.650002,65.400002,-0.830788,-8.626308,4.979939,-0.400227,0.007461,-0.015055,0.035983
-0.150000,-46.650002,65.400002,-0.763750,-8.650250,4.857835,-0.394897,0.013323,-0.003997,0.036015
1.500000,-48.000000,62.849998,-0.754174,-8.734048,4.668694,-0.392233,0.014123,0.000400,0.035985
1.500000,-48.000000,62.849998,-0.735020,-8.736442,4.592079,-0.389968,0.008394,-0.006528,0.036015
0.450000,-47.549999,61.650002,-0.749385,-8.839393,4.441244,-0.399560,0.011991,-0.009726,0.035989
0.450000,-47.549999,61.650002,-0.663194,-8.884883,4.402937,-0.398628,0.007594,-0.005462,0.036012
0.450000,-47.549999,61.650002,-0.790087,-8.992621,4.247314,-0.401026,0.015988,-0.005729,0.035984
2.250000,-50.099998,61.349998,-0.806846,-9.016563,4.189853,-0.401692,0.007994,-0.001332,0.036015
2.250000,-50.099998,61.349998,-0.720655,-9.004593,3.926491,-0.400493,0.012257,-0.006662,0.035985
1.200000,-50.250000,60.150002,-0.816423,-9.205706,3.921702,-0.405156,0.012923,-0.002398,0.036014
2.400000,-50.250000,58.650002,-0.672771,-9.239224,3.790021,-0.389302,0.010392,-0.008527,0.035986
1.650000,-51.450001,58.200001,-0.847547,-9.313444,3.744531,-0.366119,0.010792,-0.007727,0.036014
1.650000,-51.450001,58.200001,-0.751779,-9.306262,3.639187,-0.347734,0.021317,-0.009992,0.035986
1.650000,-52.200001,58.200001,-0.888249,-9.287108,3.529053,-0.319355,0.009593,-0.009060,0.036010
1.200000,-51.450001,58.200001,-0.725443,-9.423578,3.488352,-0.297639,0.006928,-0.005196,0.035990
1.500000,-52.349998,56.549999,-0.691924,-9.385271,3.421314,-0.286580,0.014123,-0.007061,0.036017
1.500000,-52.349998,56.549999,-0.924162,-9.409213,3.222595,-0.282850,0.003064,-0.011991,0.035987
3.150000,-54.150002,56.400002,-0.770933,-9.433155,3.227384,-0.275123,0.007861,-0.009992,0.036011
3.150000,-54.150002,56.400002,-0.732626,-9.437943,3.105280,-0.270593,0.019985,-0.011991,0.035985
3.150000,-54.150002,56.400002,-0.840365,-9.483433,3.086126,-0.273391,0.011591,-0.008527,0.036014
1.650000,-52.950001,53.700001,-0.816423,-9.430760,3.011906,-0.273657,0.015055,-0.008260,0.035986
1.650000,-52.950001,53.700001,-0.782904,-9.500193,2.964022,-0.290044,0.011591,-0.005862,0.036015
2.250000,-54.000000,54.750000,-0.770933,-9.545682,2.767697,-0.289112,0.005329,-0.005596,0.035985
2.250000,-54.000000,54.750000,-0.847547,-9.562442,2.667141,-0.291910,0.014655,-0.013323,0.036014
1.500000,-56.250000,54.000000,-0.823605,-9.586384,2.746149,-0.285648,0.007194,-0.003730,0.035986
2.400000,-56.099998,54.150002,-0.749385,-9.660604,2.542642,-0.264864,0.004930,-0.013323,0.036014
2.400000,-56.099998,54.150002,-0.893037,-9.708488,2.420538,-0.251141,0.018919,-0.008127,0.035986
1.500000,-55.500000,49.500000,-0.768539,-9.686940,2.382231,-0.248743,0.003997,-0.004663,0.036015
1.650000,-56.549999,50.400002,-0.811634,-9.765948,2.348712,-0.237018,0.015721,-0.007594,0.035985
2.550000,-56.250000,49.500000,-0.792481,-9.710882,2.372654,-0.234887,0.016387,-0.007861,0.036015
2.550000,-56.250000,49.500000,-0.840365,-9.725247,2.252944,-0.225294,0.008394,-0.008260,0.035985
1.200000,-56.099998,50.400002,-0.797269,-9.698911,2.001553,-0.205976,0.015588,-0.004796,0.036014
1.950000,-59.250000,50.400002,-0.749385,-9.751583,2.185906,-0.199714,0.002531,-0.008926,0.035986
1.950000,-59.250000,50.400002,-0.814029,-9.708488,2.078167,-0.200380,0.015055,-0.008926,0.036015
1.950000,-59.250000,50.400002,-0.737414,-9.823410,2.152387,-0.216234,0.013989,-0.019718,0.035985
2.700000,-56.849998,48.900002,-0.746991,-9.617508,1.972822,-0.234354,0.010525,-0.005862,0.036014
2.700000,-56.849998,48.900002,-0.852336,-9.667787,1.833959,-0.249942,0.023982,-0.009593,0.035986
2.700000,-56.849998,48.900002,-0.746991,-9.871294,1.731008,-0.245412,0.020118,-0.010792,0.036009
1.050000,-57.450001,46.950001,-0.773327,-9.844957,1.759738,-0.229024,0.011591,-0.006662,0.034867
3.600000,-58.500000,46.650002,-0.833182,-9.885659,1.728614,-0.215701,0.015855,-0.006395,0.036125
3.600000,-58.500000,46.650002,-0.933739,-9.703699,1.556231,-0.224894,-0.003198,-0.002531,0.036030
1.650000,-58.799999,45.599998,-0.608127,-9.789890,1.381454,-0.245945,0.013456,-0.014922,0.035970
3.750000,-58.200001,46.950001,-1.017536,-9.770737,1.292869,-0.244746,0.030243,-0.012790,0.036032
3.750000,-58.200001,46.950001,-0.972046,-9.935937,1.340753,-0.251807,0.006928,-0.009193,0.035968
2.400000,-58.049999,45.150002,-0.835576,-9.842564,1.242591,-0.262332,0.015588,-0.010392,0.036025
1.500000,-59.400002,45.750000,-0.842759,-9.787497,1.233014,-0.259668,0.007861,-0.003597,0.035975
2.700000,-60.450001,44.849998,-0.780510,-9.904813,1.192312,-0.261666,0.009859,-0.003864,0.036025
2.700000,-60.450001,44.849998,-0.739808,-9.926360,1.089362,-0.246478,0.012391,-0.008793,0.035975
2.700000,-60.450001,44.849998,-0.859518,-9.868899,0.799663,-0.222230,0.019452,-0.004130,0.036025
3.750000,-61.349998,44.250000,-0.806846,-9.981427,1.007959,-0.202511,0.009593,-0.009193,0.035975
3.750000,-61.349998,44.250000,-0.933739,-9.847352,0.818817,-0.212770,0.007594,-0.002531,0.036031
3.750000,-61.349998,44.250000,-0.816423,-9.890448,0.883460,-0.187590,0.015322,-0.008394,0.035969
1.500000,-60.599998,43.200001,-0.847547,-9.981427,0.881066,-0.185724,0.005729,-0.016920,0.036031
1.800000,-60.150002,42.750000,-0.895431,-9.864111,0.509965,-0.208107,0.018919,-0.005729,0.034876
1.950000,-60.750000,41.849998,-0.873884,-9.907207,0.569820,-0.210905,0.016387,-0.008260,0.036132
1.650000,-59.549999,42.150002,-0.754174,-9.835381,0.596156,-0.203311,-0.003198,-0.007594,0.036016
2.250000,-61.349998,40.200001,-0.701501,-10.043676,0.588974,-0.205043,0.010658,-0.009459,0.035984
2.250000,-61.349998,40.200001,-0.818817,-10.005369,0.332794,-0.200779,0.018119,-0.008394,0.036015
3.600000,-60.750000,40.349998,-0.840365,-9.926360,0.253785,-0.189055,0.007461,-0.006129,0.035985
3.600000,-60.750000,40.349998,-0.797269,-9.959879,0.423774,-0.175998,0.009060,-0.011991,0.036016
2.400000,-61.500000,40.049999,-0.890643,-9.986216,0.313640,-0.173867,0.011858,-0.003864,0.035984
2.400000,-61.500000,40.049999,-0.732626,-10.014946,0.280122,-0.161876,0.009459,-0.009859,0.036015
2.400000,-61.500000,40.049999,-0.878672,-9.967062,0.253785,-0.153349,0.016654,-0.008127,0.035985
1.950000,-61.200001,40.349998,-0.758962,-9.967062,0.213084,-0.153749,0.006262,-0.006795,0.036015
1.950000,-61.200001,40.349998,-0.852336,-9.852140,0.158017,-0.162009,0.006928,-0.010126,0.035985
1.950000,-61.200001,40.349998,-0.854730,-9.835381,0.155623,-0.175865,0.011724,-0.009859,0.036016
2.700000,-61.200001,39.599998,-0.890643,-10.005369,0.088585,-0.178930,0.013456,-0.006795,0.035984
0.750000,-60.599998,36.750000,-0.845153,-9.971850,0.117316,-0.183193,0.013590,-0.011058,0.036015
0.750000,-60.599998,36.750000,-0.885855,-9.938332,-0.076614,-0.182527,0.009593,-0.012391,0.035985
3.300000,-59.849998,37.500000,-0.828394,-10.053253,-0.112527,-0.149352,0.003730,-0.010525,0.035034
3.150000,-61.500000,37.799999,-0.861913,-9.991004,-0.191536,-0.139893,0.019851,-0.003064,0.036129
2.550000,-61.349998,36.750000,-0.864307,-9.993398,-0.210690,-0.086334,0.007861,-0.011724,0.034822
2.550000,-61.349998,36.750000,-0.790087,-9.904813,-0.323217,-0.083403,0.009459,-0.006662,0.036190
3.600000,-60.750000,36.299999,-0.873884,-9.986216,-0.304064,-0.087799,0.012257,-0.011325,0.035961
3.600000,-60.750000,36.299999,-0.876278,-10.024523,-0.107739,-0.084335,0.017986,-0.006262,0.036040
3.600000,-60.750000,36.299999,-0.830788,-9.926360,-0.253785,-0.076475,0.012790,-0.014123,0.035961
2.700000,-61.950001,35.849998,-0.768539,-10.022128,-0.225055,-0.065417,0.017720,-0.015588,0.036038
1.950000,-62.700001,37.349998,-0.818817,-10.038888,-0.294487,-0.045698,0.011991,-0.010392,0.035962
2.550000,-61.049999,36.000000,-0.969652,-9.900024,-0.268151,-0.043034,0.005995,-0.014123,0.036037
2.550000,-61.049999,36.000000,-0.809240,-10.029311,-0.239420,-0.035839,0.011058,-0.012524,0.035967
3.600000,-61.500000,37.049999,-0.816423,-10.046070,0.052672,-0.037038,0.010925,-0.011724,0.036034
1.650000,-62.700001,36.299999,-0.754174,-10.060435,-0.122104,-0.034907,0.012391,-0.018919,0.035962
3.300000,-61.799999,37.500000,-0.792481,-9.828198,-0.277727,-0.052493,0.015721,-0.012524,0.036038
3.300000,-61.799999,37.500000,-0.871489,-9.823410,-0.409408,-0.032109,0.014522,-0.017054,0.035962
3.300000,-61.799999,37.500000,-0.837971,-9.804255,-0.502782,-0.064750,0.015322,-0.012124,0.036039
3.300000,-61.799999,36.750000,-0.833182,-9.993398,-0.162806,-0.035306,0.011591,-0.009859,0.035961
3.300000,-61.799999,36.750000,-0.758962,-10.036493,-0.172383,-0.037704,0.018386,-0.009593,0.036037
3.300000,-61.799999,36.750000,-1.036689,-9.923966,-0.081403,-0.033175,0.025580,-0.018119,0.035963
3.300000,-61.349998,36.450001,-0.857124,-9.995792,-0.373495,-0.044233,0.015588,-0.017453,0.036038
3.900000,-61.200001,36.599998,-0.782904,-10.007763,-0.268151,-0.049296,0.017187,-0.014922,0.035962
3.900000,-61.200001,36.599998,-0.837971,-9.955091,-0.191536,-0.043300,0.017720,-0.018652,0.036037
2.250000,-63.000000,36.450001,-0.751779,-9.962274,-0.162806,-0.045299,0.015455,-0.016121,0.035963
4.350000,-60.000000,37.799999,-0.754174,-9.933543,-0.227449,-0.032642,0.026513,-0.021850,0.036038
2.400000,-61.950001,35.549999,-0.818817,-10.024523,-0.220267,-0.039170,0.025447,-0.021583,0.035962
2.250000,-61.799999,36.000000,-0.718261,-9.938332,-0.232238,-0.013989,0.024781,-0.018652,0.034810
1.650000,-62.400002,37.049999,-0.802058,-9.880871,-0.184354,-0.028245,0.028778,-0.027579,0.036180
1.650000,-62.400002,37.049999,-0.790087,-9.919178,-0.220267,-0.034640,0.027046,-0.027845,0.035979
1.800000,-62.549999,37.950001,-0.797269,-10.026917,-0.167594,-0.029178,0.025047,-0.027712,0.036022
1.800000,-62.549999,37.950001,-0.895431,-10.017340,-0.179565,-0.009193,0.020651,-0.021850,0.035978
2.550000,-63.000000,37.200001,-0.782904,-9.964667,-0.196325,-0.008660,0.019452,-0.016521,0.036024
2.700000,-61.500000,37.799999,-0.780510,-10.012551,0.021548,0.073011,0.012524,-0.011858,0.035022
1.650000,-60.750000,38.099998,-0.790087,-9.943120,-0.028730,0.070080,0.009992,-0.009859,0.036125
3.000000,-62.099998,39.000000,-0.787692,-10.067618,0.119710,0.120441,0.007727,-0.008527,0.035034
3.600000,-62.400002,38.099998,-0.713472,-10.014946,0.189142,0.132832,0.015188,-0.015855,0.036122
2.550000,-61.049999,40.500000,-0.766145,-9.988609,0.354342,0.139893,0.007061,-0.007328,0.036025
2.550000,-61.049999,40.500000,-0.778116,-9.974244,0.313640,0.157746,0.007727,-0.011724,0.035975
2.550000,-61.049999,40.500000,-0.775721,-10.031705,0.375890,0.164141,0.009726,-0.010259,0.036030
1.800000,-60.599998,40.950001,-0.749385,-9.878476,0.605733,0.166539,0.014789,-0.013989,0.035970
1.800000,-60.599998,40.950001,-0.766145,-9.971850,0.517148,0.178930,0.014522,-0.019319,0.036031
1.800000,-60.599998,40.950001,-0.792481,-10.034100,0.682347,0.190787,0.012923,-0.015322,0.035969
2.700000,-60.450001,42.150002,-0.720655,-10.005369,0.758962,0.211038,0.015055,-0.017054,0.036025
2.400000,-58.049999,44.099998,-0.802058,-9.938332,1.086968,0.292043,0.010259,-0.010525,0.034979
1.650000,-59.250000,44.099998,-0.735020,-9.883265,1.221043,0.302302,0.006928,-0.017054,0.036180
3.000000,-58.200001,45.450001,-0.708684,-9.684546,1.209072,0.278587,0.005862,-0.024515,0.035963
3.000000,-58.200001,45.450001,-0.871489,-9.753978,1.527501,0.235953,0.019185,-0.026113,0.036038
2.700000,-59.250000,46.349998,-0.797269,-9.708488,1.446098,0.210372,0.009193,-0.018386,0.035962
2.250000,-57.000000,46.950001,-0.758962,-9.900024,1.752556,0.225827,0.012923,-0.011191,0.036037
1.950000,-58.500000,47.400002,-0.861913,-9.634268,1.699883,0.186790,0.002798,-0.017054,0.034879
1.950000,-58.500000,47.400002,-0.706290,-9.670180,1.759738,0.180795,0.021983,-0.015721,0.036133
1.800000,-57.900002,49.500000,-0.706290,-9.765948,1.960851,0.186124,0.015855,-0.016920,0.036014
1.800000,-57.900002,49.500000,-0.907402,-9.739613,2.006341,0.180129,0.002798,-0.013456,0.035986
1.800000,-57.900002,49.500000,-0.711078,-9.813833,2.209848,0.196783,0.009060,-0.012257,0.036014
0.750000,-56.250000,50.549999,-0.866701,-9.694122,2.082955,0.190121,0.003730,-0.014522,0.035986
1.950000,-55.650002,51.599998,-0.679953,-9.725247,2.214637,0.213436,0.001865,-0.015855,0.036014
1.950000,-55.650002,51.599998,-1.156399,-9.651027,2.310405,0.234753,0.049562,-0.017853,0.035986
1.950000,-56.099998,53.099998,-0.663194,-9.682152,2.540248,0.248743,-0.011858,-0.011724,0.036014
1.200000,-56.849998,50.400002,-0.907402,-9.555259,2.513912,0.309230,0.020784,-0.005329,0.034867
1.950000,-54.599998,53.700001,-0.658405,-9.572019,2.834735,0.319755,-0.000666,-0.011458,0.036125
1.950000,-54.150002,54.900002,-0.735020,-9.514558,2.952051,0.335609,0.014655,-0.011991,0.036032
0.750000,-54.750000,54.000000,-0.730232,-9.385271,3.167529,0.342271,0.013856,-0.011724,0.035968
0.750000,-54.750000,54.000000,-0.818817,-9.222465,3.107674,0.319355,0.008127,-0.023982,0.036031
0.750000,-52.349998,56.549999,-0.778116,-9.323022,3.371036,0.306565,0.007727,-0.016121,0.035969
0.750000,-52.349998,56.549999,-0.687136,-9.200917,3.421314,0.294574,0.015055,-0.008793,0.036031
0.900000,-52.500000,58.200001,-0.718261,-9.085996,3.481169,0.260867,0.009593,-0.020118,0.035969
0.900000,-52.500000,58.200001,-0.732626,-9.107543,3.758897,0.235153,0.003997,-0.013989,0.036031
0.900000,-52.500000,58.200001,-0.663194,-9.227253,3.828329,0.228358,0.010392,-0.008260,0.035969
1.650000,-51.000000,58.200001,-0.615310,-9.129091,3.861847,0.245412,0.033441,-0.020518,0.036025
1.650000,-51.000000,58.200001,-0.933739,-9.038112,3.785233,0.247277,0.003464,-0.016920,0.035975
0.300000,-49.650002,59.849998,-0.548272,-9.100361,4.065354,0.259002,0.013989,-0.005063,0.036025
1.650000,-49.799999,58.650002,-0.785298,-8.961497,4.192247,0.249809,0.022516,-0.013323,0.035975
0.150000,-49.049999,61.200001,-0.749385,-9.009381,4.307169,0.257802,0.011325,-0.023582,0.036031
0.150000,-49.049999,61.200001,-0.742203,-8.913613,4.247314,0.267928,0.012657,-0.014922,0.035969
2.700000,-49.500000,61.950001,-0.689530,-8.822633,4.460398,0.260201,0.009992,-0.014389,0.036030
1.500000,-48.000000,62.549999,-0.708684,-8.858546,4.709395,0.261133,0.008527,-0.010392,0.035970
1.500000,-48.000000,62.549999,-0.687136,-8.851364,4.673482,0.274590,0.021583,-0.011191,0.036031
1.500000,-48.000000,62.549999,-0.905008,-8.628703,4.814740,0.287513,0.017453,-0.020384,0.035969
2.550000,-47.700001,63.299999,-0.651223,-8.544906,4.750096,0.285381,0.003464,-0.016920,0.036025
2.550000,-47.700001,63.299999,-0.696713,-8.554482,4.965574,0.273257,0.009060,-0.006395,0.035975
2.550000,-47.700001,63.299999,-0.679953,-8.449138,5.042189,0.259934,0.010392,-0.011991,0.036024
0.150000,-45.900002,64.199997,-0.689530,-8.508993,5.094861,0.268594,0.014655,-0.019585,0.035975
0.150000,-45.900002,64.199997,-0.804452,-8.403648,5.137957,0.262732,0.015055,-0.011724,0.036030
1.200000,-45.150002,65.699997,-0.821211,-8.274361,5.281609,0.257936,0.017587,-0.014256,0.035970
1.200000,-45.150002,65.699997,-0.706290,-8.274361,5.453991,0.254871,0.016654,-0.016787,0.036025
0.300000,-44.099998,65.099998,-0.658405,-8.281544,5.523423,0.256204,0.013856,-0.016121,0.035975
0.900000,-43.950001,66.750000,-0.715866,-8.204929,5.518635,0.261266,0.010392,-0.016521,0.036031
0.900000,-43.950001,66.750000,-0.708684,-8.142680,5.643134,0.257136,0.006928,-0.016654,0.035969
1.800000,-42.599998,68.099998,-0.766145,-7.929596,5.698200,0.254738,0.012524,-0.013057,0.036030
0.450000,-41.549999,67.500000,-0.684742,-7.874529,5.861006,0.252073,0.011591,-0.012257,0.035970
1.500000,-42.150002,68.099998,-0.641646,-7.891289,5.995081,0.248343,0.007994,-0.010525,0.036030
1.500000,-42.150002,68.099998,-0.694318,-7.773973,6.045359,0.249809,0.011991,-0.019319,0.035970
1.500000,-42.150002,68.099998,-0.761356,-7.785944,6.016629,0.240083,0.010925,-0.015055,0.036031
0.450000,-40.500000,69.000000,-0.804452,-7.654263,6.236896,0.244080,0.012790,-0.007861,0.035969
0.450000,-40.500000,69.000000,-0.746991,-7.596802,6.301539,0.237285,-0.003198,-0.001732,0.036031
0.450000,-40.500000,69.000000,-0.656011,-7.496245,6.272809,0.227692,0.011591,-0.004930,0.035969
1.500000,-39.000000,70.349998,-0.730232,-7.376535,6.466739,0.215302,0.005596,-0.008260,0.036032
1.500000,-39.000000,70.349998,-0.691924,-7.400477,6.572083,0.199314,0.004263,-0.010792,0.035968
1.500000,-39.000000,70.349998,-0.718261,-7.307104,6.622362,0.187323,0.011858,-0.011458,0.036031
1.500000,-38.700001,72.599998,-0.718261,-7.345411,6.646304,0.185458,0.011458,-0.009593,0.035969
0.450000,-37.349998,70.199997,-0.782904,-7.371747,6.792350,0.193452,0.013190,-0.013456,0.036031
0.000000,-38.250000,71.099998,-0.701501,-7.314286,6.687006,0.206242,0.013057,-0.008527,0.035969
0.000000,-38.250000,71.099998,-0.620098,-7.161057,6.801927,0.209173,0.012923,-0.010658,0.036025
-0.300000,-36.299999,71.849998,-0.749385,-7.012617,6.921637,0.213303,0.010259,-0.009060,0.035975
1.200000,-35.400002,72.750000,-0.751779,-7.005434,6.959944,0.218100,0.004397,-0.013057,0.036031
1.200000,-35.400002,72.750000,-0.727837,-6.852205,6.993463,0.205709,0.009593,-0.011591,0.035969
0.750000,-34.799999,72.150002,-0.718261,-6.902483,7.089231,0.219299,0.013190,-0.014256,0.036030
0.750000,-34.799999,72.150002,-0.679953,-6.883330,7.237672,0.219965,0.011724,-0.021450,0.035971
0.300000,-32.400002,74.099998,-0.648829,-6.725313,7.175423,0.230090,0.011858,-0.017986,0.036031
0.300000,-32.400002,74.099998,-0.787692,-6.670246,7.280767,0.239150,0.013323,-0.017720,0.035969
0.300000,-32.400002,74.099998,-0.797269,-6.636727,7.292738,0.249142,0.011591,-0.014922,0.036032
-0.150000,-33.000000,72.750000,-0.701501,-6.555324,7.465121,0.258469,0.009726,-0.015188,0.035968
-0.150000,-33.000000,72.750000,-0.713472,-6.538565,7.565677,0.273790,0.008660,-0.013323,0.036032
-0.150000,-33.000000,72.750000,-0.620098,-6.418855,7.615956,0.286314,0.014123,-0.011191,0.035968
-0.150000,-30.600000,73.949997,-0.660800,-6.220136,7.603985,0.291643,0.011325,-0.005462,0.036030
1.950000,-30.600000,75.750000,-0.811634,-6.095637,7.752425,0.294974,0.015455,-0.012657,0.035970
1.950000,-30.600000,75.750000,-0.761356,-6.038177,7.817069,0.296839,0.011325,-0.009593,0.036032
0.300000,-31.200001,74.400002,-0.842759,-5.884948,7.795521,0.283649,0.010925,-0.013057,0.035968
0.300000,-29.250000,74.400002,-0.634463,-5.825093,7.920019,0.283649,0.011991,-0.017853,0.036032
0.750000,-29.250000,75.599998,-0.605733,-5.712565,8.003817,0.278187,0.009060,-0.011991,0.035968
0.750000,-29.250000,75.599998,-0.744597,-5.681441,8.097190,0.274190,0.009459,-0.014522,0.036030
1.500000,-28.950001,74.400002,-0.775721,-5.480328,8.178593,0.265663,0.017320,-0.020251,0.035970
1.500000,-28.950001,74.400002,-0.751779,-5.406107,8.171411,0.251541,0.013856,-0.020118,0.036031
2.400000,-28.950001,74.400002,-0.763750,-5.398925,8.209718,0.255404,0.014389,-0.013057,0.035969
2.400000,-25.500000,75.449997,-0.672771,-5.284003,8.362947,0.247677,0.011724,-0.012657,0.036025
2.400000,-25.500000,75.449997,-0.512359,-5.245696,8.465898,0.242214,0.016254,-0.013856,0.035975
0.750000,-25.049999,77.099998,-0.756568,-5.104438,8.470686,0.247277,0.012790,-0.015588,0.036029
0.750000,-25.049999,77.099998,-0.739808,-4.939238,8.499416,0.239150,0.006928,-0.013590,0.035971
0.750000,-25.049999,77.099998,-0.804452,-4.924873,8.506598,0.242881,0.011325,-0.015055,0.036030
0.750000,-22.950001,77.400002,-0.672771,-4.857835,8.631097,0.242614,0.001199,-0.009326,0.035970
1.050000,-23.850000,76.650002,-0.660800,-4.843470,8.717288,0.255005,0.014389,-0.012790,0.036031
1.050000,-23.850000,76.650002,-0.644040,-4.726154,8.702923,0.261000,0.005862,-0.012790,0.035969
-1.500000,-22.650000,75.599998,-0.744597,-4.551377,8.808268,0.267262,0.010792,-0.021184,0.036025
0.000000,-21.900000,78.150002,-0.749385,-4.369418,8.772355,0.269527,0.011458,-0.018119,0.035975
0.000000,-21.900000,78.150002,-0.723049,-4.256891,8.791509,0.265930,0.007194,-0.014389,0.036030
0.300000,-20.250000,77.099998,-0.591368,-4.168305,8.882488,0.247943,0.010925,-0.019851,0.035970
0.300000,-19.500000,78.150002,-0.658405,-4.156334,8.932767,0.222096,0.008793,-0.011858,0.036025
0.300000,-19.500000,78.150002,-0.543484,-3.960010,8.980651,0.192652,0.011991,-0.012923,0.035975
0.300000,-19.500000,78.150002,-0.720655,-3.845088,8.968679,0.164940,0.010658,-0.015855,0.036031
-0.150000,-18.150000,77.250000,-0.754174,-3.758897,8.978256,0.128568,0.013856,-0.013323,0.035969
-0.150000,-18.150000,77.250000,-0.818817,-3.773262,9.057265,0.117110,0.009459,-0.014522,0.036030
0.450000,-16.950001,79.500000,-0.608127,-3.897760,9.050082,0.108983,0.009726,-0.006528,0.035970
0.450000,-16.950001,79.500000,-0.675165,-3.780444,9.105149,0.122040,0.015055,-0.013989,0.036031
0.450000,-16.950001,79.500000,-0.651223,-3.766079,9.186552,0.131100,0.010925,-0.017720,0.035969
-0.450000,-17.400000,78.750000,-0.816423,-3.742137,9.251195,0.148553,0.004796,-0.020518,0.036031
-0.450000,-17.400000,78.750000,-0.792481,-3.564966,9.232041,0.163741,0.004930,-0.014789,0.035969
-0.300000,-17.100000,77.849998,-0.596156,-3.423708,9.188946,0.166806,0.008793,-0.010792,0.036030
1.500000,-15.600000,78.599998,-0.653617,-3.313575,9.148245,0.150018,0.017320,-0.014655,0.035970
-0.900000,-17.400000,78.000000,-0.624887,-3.241749,9.258378,0.129101,0.015721,-0.013989,0.036025
-0.900000,-17.400000,78.000000,-0.758962,-3.201048,9.351752,0.107651,0.012524,-0.013057,0.035975
-0.450000,-15.750000,77.550003,-0.727837,-3.186682,9.303867,0.093129,0.017453,-0.011458,0.036025
0.150000,-13.800000,79.050003,-0.706290,-3.172317,9.308656,0.079806,0.008127,-0.019185,0.035975
0.150000,-13.800000,79.050003,-0.581791,-3.126827,9.332599,0.072877,0.012923,-0.015322,0.036025
