21.150,-6.150,84.450,0.018,-0.320,0.947
21.150,-6.150,84.450,-0.004,-0.320,0.947
20.250,-5.250,84.300,0.013,-0.327,0.945
20.250,-5.250,84.300,0.011,-0.321,0.947
20.550,-7.200,86.250,0.011,-0.315,0.949
20.550,-7.200,86.250,0.028,-0.316,0.948
21.900,-4.950,85.950,0.016,-0.319,0.948
21.900,-4.950,85.950,0.008,-0.319,0.948
21.900,-5.400,86.400,0.021,-0.327,0.945
21.900,-5.400,86.400,0.009,-0.329,0.944
21.900,-5.400,86.400,0.003,-0.329,0.944
21.900,-5.400,83.700,0.014,-0.339,0.941
21.900,-5.400,83.700,0.019,-0.339,0.941
22.650,-6.900,84.900,0.014,-0.345,0.939
22.650,-6.900,84.900,0.013,-0.353,0.935
21.750,-6.750,85.800,0.027,-0.364,0.931
21.750,-6.750,85.800,0.008,-0.368,0.930
21.000,-8.700,84.750,0.005,-0.380,0.925
21.000,-8.700,84.750,0.009,-0.391,0.920
20.400,-9.000,85.650,0.024,-0.404,0.914
20.400,-9.000,85.650,0.021,-0.412,0.911
21.750,-9.900,85.500,0.015,-0.421,0.907
21.750,-9.900,85.500,0.014,-0.437,0.899
21.750,-9.900,85.500,0.015,-0.441,0.898
21.000,-14.250,87.000,0.020,-0.453,0.891
21.000,-14.250,87.000,0.019,-0.457,0.889
21.150,-14.400,85.650,0.020,-0.480,0.877
21.150,-14.400,85.650,-0.004,-0.509,0.861
21.600,-17.100,86.400,0.015,-0.568,0.823
21.600,-17.100,86.400,0.020,-0.528,0.849
22.500,-16.950,87.000,0.024,-0.556,0.831
22.500,-16.950,87.000,0.042,-0.575,0.817
21.000,-20.400,85.800,0.012,-0.594,0.804
22.200,-21.300,84.300,-0.001,-0.598,0.802
22.200,-21.300,84.300,0.010,-0.604,0.797
22.200,-21.300,84.300,0.015,-0.616,0.788
21.000,-22.800,85.050,0.016,-0.637,0.771
21.000,-22.800,85.050,0.018,-0.635,0.772
21.450,-22.500,84.300,0.012,-0.654,0.756
21.450,-22.500,84.300,0.019,-0.648,0.761
19.800,-24.750,84.750,0.015,-0.657,0.754
19.800,-24.750,84.750,0.017,-0.661,0.750
22.500,-25.200,83.550,0.016,-0.674,0.739
22.500,-25.200,83.550,0.012,-0.669,0.743
21.150,-25.800,83.100,0.015,-0.674,0.739
21.750,-26.700,83.250,0.013,-0.688,0.726
21.750,-26.700,83.250,0.010,-0.699,0.715
21.750,-26.700,83.250,0.009,-0.695,0.719
21.750,-26.700,83.250,0.019,-0.707,0.707
21.900,-28.050,83.400,0.009,-0.728,0.686
21.900,-28.050,83.400,0.027,-0.734,0.678
21.900,-28.050,83.400,0.017,-0.733,0.680
21.000,-31.500,81.750,0.005,-0.726,0.688
21.000,-31.500,81.750,0.016,-0.737,0.676
21.150,-31.650,82.350,0.023,-0.742,0.670
21.450,-32.250,81.300,0.024,-0.748,0.663
21.450,-32.250,81.300,0.013,-0.745,0.667
23.250,-32.550,81.750,0.004,-0.758,0.653
23.250,-32.550,81.750,0.018,-0.756,0.654
23.250,-32.550,81.750,0.007,-0.785,0.619
21.000,-34.500,79.800,0.015,-0.783,0.622
21.000,-34.500,79.800,0.024,-0.786,0.618
21.000,-34.500,79.800,0.007,-0.799,0.602
21.000,-34.500,79.800,0.026,-0.794,0.608
21.750,-36.450,81.300,0.017,-0.804,0.595
21.750,-36.450,81.300,0.020,-0.801,0.598
20.850,-37.050,78.900,0.011,-0.807,0.591
21.450,-38.100,78.750,0.009,-0.816,0.578
21.450,-38.100,78.750,0.011,-0.825,0.565
22.350,-39.000,78.900,0.027,-0.833,0.553
22.350,-39.000,78.900,0.019,-0.833,0.553
22.350,-39.000,78.900,0.014,-0.840,0.542
22.350,-39.000,78.900,0.018,-0.844,0.536
21.750,-39.300,77.550,0.015,-0.853,0.522
21.750,-39.300,77.550,0.023,-0.853,0.521
21.750,-39.300,77.550,0.015,-0.857,0.515
21.750,-39.300,77.550,0.017,-0.868,0.497
21.750,-42.000,76.950,0.015,-0.872,0.489
21.450,-42.450,76.200,0.012,-0.890,0.456
21.000,-43.200,76.500,0.006,-0.891,0.454
22.950,-43.500,76.500,0.012,-0.901,0.434
22.950,-43.500,76.500,0.036,-0.897,0.440
20.250,-44.700,75.000,-0.002,-0.911,0.412
20.250,-44.700,75.000,0.006,-0.905,0.425
20.550,-46.650,74.700,0.014,-0.913,0.407
20.550,-46.650,74.700,0.014,-0.916,0.401
20.550,-46.650,74.700,0.019,-0.917,0.398
22.200,-46.350,72.000,0.007,-0.923,0.384
22.200,-46.350,72.000,0.012,-0.922,0.386
21.750,-47.550,72.750,0.012,-0.925,0.379
21.750,-47.550,72.750,0.013,-0.927,0.374
21.150,-48.450,72.150,0.009,-0.930,0.368
21.150,-48.450,72.150,0.013,-0.936,0.352
22.200,-49.800,71.250,0.008,-0.938,0.346
22.200,-49.800,71.250,0.014,-0.937,0.349
21.750,-50.550,72.000,0.012,-0.939,0.343
21.750,-50.550,72.000,0.015,-0.944,0.331
22.950,-50.550,69.450,-0.001,-0.942,0.334
22.950,-50.550,69.450,-0.003,-0.948,0.318
21.600,-49.650,68.850,0.022,-0.948,0.319
22.200,-50.250,69.000,0.008,-0.944,0.331
22.200,-50.250,69.000,-0.007,-0.946,0.323
21.900,-49.650,69.600,0.011,-0.948,0.319
21.900,-49.650,69.600,-0.009,-0.946,0.324
21.750,-49.800,69.450,0.026,-0.943,0.333
21.750,-49.800,69.450,0.026,-0.946,0.322
22.500,-50.550,70.500,0.011,-0.944,0.329
22.500,-50.550,70.500,-0.006,-0.947,0.321
21.900,-50.100,71.100,0.014,-0.941,0.339
21.900,-50.100,71.100,0.006,-0.939,0.343
21.900,-50.100,71.100,0.016,-0.935,0.354
21.900,-50.100,71.100,0.020,-0.936,0.351
21.900,-46.950,71.850,0.018,-0.931,0.365
21.900,-46.950,71.850,0.017,-0.926,0.378
21.900,-47.700,73.350,0.010,-0.922,0.387
21.900,-47.700,73.350,0.000,-0.916,0.400
21.000,-46.350,72.000,0.013,-0.914,0.405
21.000,-46.350,72.000,0.017,-0.906,0.423
21.000,-46.350,72.000,0.012,-0.902,0.431
21.600,-45.750,73.650,0.008,-0.902,0.432
21.600,-45.750,73.650,0.014,-0.899,0.438
21.600,-45.750,73.650,0.015,-0.889,0.458
21.600,-45.750,73.650,0.006,-0.887,0.462
21.900,-42.150,74.850,0.015,-0.882,0.470
21.900,-42.150,74.850,0.017,-0.869,0.495
21.150,-41.400,75.900,0.026,-0.856,0.517
21.150,-41.400,75.900,-0.002,-0.857,0.515
21.900,-40.650,76.350,0.001,-0.860,0.511
21.900,-40.650,76.350,0.025,-0.852,0.522
20.850,-40.650,77.100,0.018,-0.845,0.534
20.850,-40.650,77.100,0.009,-0.839,0.544
20.850,-40.650,77.100,0.008,-0.830,0.557
21.600,-36.750,78.600,0.019,-0.821,0.570
21.600,-36.750,78.600,0.018,-0.820,0.572
21.600,-36.750,78.600,0.003,-0.812,0.583
21.600,-36.750,78.600,0.018,-0.806,0.592
24.000,-36.450,79.500,0.019,-0.798,0.602
24.000,-36.450,79.500,0.020,-0.794,0.607
21.750,-34.950,79.800,0.012,-0.791,0.612
21.750,-34.950,79.800,0.013,-0.779,0.626
22.650,-33.600,80.850,0.014,-0.771,0.636
22.200,-33.450,81.000,0.016,-0.762,0.647
22.200,-33.450,81.000,0.018,-0.757,0.654
22.200,-31.050,81.750,0.016,-0.745,0.667
22.200,-31.050,81.750,0.021,-0.746,0.665
22.650,-30.450,81.600,0.014,-0.731,0.682
22.650,-30.450,81.600,0.013,-0.725,0.688
22.650,-30.450,81.600,0.018,-0.716,0.698
22.650,-30.450,81.600,0.019,-0.706,0.708
21.900,-28.500,82.650,0.016,-0.695,0.719
21.900,-28.500,82.650,0.013,-0.682,0.731
22.500,-26.400,83.550,0.015,-0.669,0.743
22.200,-25.500,83.250,0.020,-0.666,0.745
22.200,-25.500,83.250,0.020,-0.664,0.748
22.950,-24.750,83.550,0.022,-0.646,0.763
22.950,-24.750,83.550,0.026,-0.634,0.772
23.250,-24.450,85.800,0.014,-0.627,0.779
23.250,-24.450,85.800,0.015,-0.618,0.786
20.400,-22.200,83.100,0.014,-0.603,0.797
20.400,-22.200,83.100,-0.000,-0.602,0.798
20.400,-22.200,83.100,0.004,-0.590,0.808
20.400,-22.200,83.100,0.021,-0.575,0.818
21.000,-20.100,84.750,0.024,-0.576,0.817
21.000,-20.100,84.750,0.026,-0.551,0.834
21.000,-20.100,84.750,0.024,-0.555,0.832
22.500,-16.500,86.550,0.019,-0.537,0.843
22.500,-16.500,86.550,0.019,-0.528,0.849
22.200,-14.550,85.500,0.011,-0.501,0.865
22.200,-14.550,85.500,0.007,-0.497,0.868
20.400,-12.450,85.200,0.020,-0.485,0.874
20.400,-12.450,85.200,0.028,-0.472,0.881
21.750,-12.300,85.500,0.020,-0.459,0.888
21.750,-12.300,85.500,0.024,-0.447,0.894
21.450,-10.650,84.750,0.024,-0.423,0.906
21.450,-10.650,84.750,0.018,-0.402,0.916
22.350,-9.750,85.650,0.011,-0.389,0.921
22.350,-9.750,85.650,0.007,-0.375,0.927
22.350,-9.750,85.650,0.014,-0.359,0.933
21.450,-6.000,84.750,0.026,-0.341,0.940
21.450,-6.000,84.750,0.024,-0.336,0.942
21.900,-4.950,83.700,0.026,-0.328,0.944
21.900,-4.950,83.700,0.014,-0.327,0.945
21.150,-3.900,84.450,0.018,-0.304,0.953
21.150,-3.900,84.450,0.013,-0.292,0.956
21.150,-2.700,83.700,0.010,-0.278,0.960
21.150,-2.700,83.700,0.017,-0.259,0.966
21.450,-0.900,83.550,0.017,-0.250,0.968
21.450,-0.450,85.500,0.024,-0.241,0.970
21.450,-0.450,85.500,0.021,-0.231,0.973
21.450,-0.450,85.500,0.027,-0.215,0.976
21.450,-0.450,85.500,0.012,-0.214,0.977
21.450,2.850,84.750,0.012,-0.195,0.981
21.450,2.850,84.750,0.017,-0.186,0.982
21.450,2.850,84.750,0.019,-0.178,0.984
21.450,2.850,84.750,0.013,-0.170,0.985
20.400,4.200,83.400,0.023,-0.163,0.986
20.400,4.200,83.400,0.026,-0.157,0.987
21.900,4.950,82.650,0.016,-0.151,0.988
21.900,4.950,82.650,0.027,-0.136,0.990
23.100,7.350,83.100,0.022,-0.130,0.991
21.600,4.200,81.150,0.006,-0.105,0.994
21.600,4.200,81.150,0.006,-0.103,0.995
21.600,4.200,81.150,0.012,-0.087,0.996
21.600,4.200,81.150,0.019,-0.083,0.996
21.150,8.550,80.400,0.021,-0.067,0.998
21.150,8.550,80.400,0.020,-0.074,0.997
21.150,8.550,80.400,0.020,-0.063,0.998
21.150,8.550,80.400,0.026,-0.042,0.999
20.850,9.000,80.850,0.020,-0.033,0.999
20.850,9.000,80.850,0.010,-0.014,1.000
21.600,10.050,79.650,0.007,-0.014,1.000
22.350,9.750,80.100,0.019,-0.002,1.000
22.350,9.750,80.100,0.025,-0.008,1.000
21.150,10.950,80.850,0.025,-0.032,0.999
21.150,10.950,80.850,0.021,-0.031,0.999
21.750,7.950,79.800,0.024,-0.026,0.999
21.750,7.950,79.800,0.019,-0.016,1.000
20.100,9.750,80.850,0.003,-0.016,1.000
20.100,9.750,80.850,0.011,-0.029,1.000
20.100,9.750,80.850,0.028,-0.052,0.998
20.100,9.750,80.850,0.021,-0.073,0.997
22.500,6.750,82.500,0.017,-0.079,0.997
22.500,6.750,82.500,0.026,-0.103,0.994
22.500,6.750,82.500,0.025,-0.119,0.993
21.900,3.000,83.400,0.031,-0.149,0.988
21.900,3.000,83.400,0.013,-0.159,0.987
21.900,3.000,83.700,0.011,-0.190,0.982
21.900,3.000,83.700,0.015,-0.205,0.979
21.150,0.300,83.700,0.009,-0.236,0.972
21.150,0.300,83.700,0.017,-0.247,0.969
22.200,-2.100,84.300,0.048,-0.308,0.950
22.650,-4.200,85.200,0.031,-0.318,0.948
22.650,-3.900,84.900,0.003,-0.340,0.940
22.650,-3.900,84.900,0.010,-0.352,0.936
22.650,-3.900,84.900,0.024,-0.350,0.936
20.550,-8.700,85.800,0.017,-0.378,0.926
20.550,-8.700,85.800,0.014,-0.393,0.920
22.950,-9.150,85.800,0.022,-0.405,0.914
22.950,-9.150,85.800,0.026,-0.420,0.907
22.200,-10.350,85.800,0.038,-0.431,0.902
22.200,-10.350,85.800,0.017,-0.455,0.890
21.600,-12.000,86.400,0.010,-0.453,0.891
21.600,-12.000,86.400,0.011,-0.474,0.881
21.000,-13.800,86.250,0.023,-0.483,0.875
21.150,-15.600,85.200,0.026,-0.501,0.865
21.150,-15.600,85.200,0.013,-0.516,0.857
21.150,-15.600,85.200,0.013,-0.541,0.841
21.150,-15.600,85.200,0.022,-0.553,0.833
20.550,-19.350,85.800,0.025,-0.558,0.829
20.550,-19.350,85.800,0.013,-0.576,0.817
20.550,-19.350,85.800,0.009,-0.601,0.799
20.550,-19.350,85.800,0.017,-0.615,0.789
22.200,-22.500,84.750,0.024,-0.631,0.776
22.200,-22.500,84.750,0.018,-0.652,0.758
21.900,-23.850,84.450,0.015,-0.656,0.755
21.900,-23.850,84.450,0.016,-0.666,0.746
22.200,-25.950,84.300,0.019,-0.685,0.728
21.450,-26.700,83.550,0.027,-0.698,0.716
21.450,-26.700,83.550,0.020,-0.702,0.712
21.450,-26.700,83.550,0.020,-0.723,0.690
21.450,-26.700,83.550,0.021,-0.730,0.683
21.450,-30.300,82.050,0.005,-0.758,0.652
21.450,-30.300,82.050,0.007,-0.758,0.652
21.450,-30.300,82.050,0.016,-0.775,0.631
21.450,-30.300,82.050,0.013,-0.786,0.617
21.750,-35.400,81.000,0.015,-0.799,0.601
21.750,-35.400,81.000,0.014,-0.803,0.596
22.650,-36.300,79.650,0.017,-0.818,0.576
20.550,-40.800,79.050,0.016,-0.844,0.536
22.650,-39.900,77.850,0.015,-0.850,0.527
22.650,-39.900,77.850,0.019,-0.858,0.513
22.650,-39.900,77.850,0.019,-0.861,0.509
22.650,-39.900,77.850,0.010,-0.867,0.499
21.900,-40.650,77.400,0.013,-0.866,0.500
21.900,-40.650,77.400,0.010,-0.873,0.488
21.900,-40.650,77.400,0.013,-0.877,0.481
21.600,-43.800,74.850,0.009,-0.876,0.483
21.600,-43.800,74.850,0.007,-0.877,0.481
21.750,-42.450,76.950,0.011,-0.881,0.473
21.750,-42.450,76.950,0.006,-0.882,0.472
22.200,-42.750,75.450,0.024,-0.880,0.474
22.200,-42.750,75.450,0.014,-0.887,0.461
20.250,-43.200,73.950,0.017,-0.895,0.446
20.250,-43.200,73.950,0.010,-0.895,0.446
20.250,-43.200,73.950,0.016,-0.893,0.450
20.250,-43.200,73.950,0.009,-0.896,0.444
22.200,-45.150,75.750,0.008,-0.905,0.426
22.200,-45.150,75.750,0.001,-0.901,0.433
22.200,-45.150,75.750,0.011,-0.907,0.422
22.500,-47.550,73.200,0.004,-0.911,0.412
22.500,-47.550,73.200,0.011,-0.913,0.407
22.500,-45.450,73.500,0.015,-0.917,0.398
22.500,-45.450,73.500,0.009,-0.917,0.399
20.550,-47.100,72.750,0.014,-0.918,0.396
20.550,-47.100,72.750,0.016,-0.922,0.386
21.150,-47.700,72.600,0.020,-0.920,0.391
21.150,-47.700,72.600,0.009,-0.924,0.382
21.600,-46.500,71.850,0.005,-0.920,0.392
22.350,-49.200,72.600,0.018,-0.928,0.372
22.350,-49.200,72.600,0.017,-0.929,0.370
22.350,-49.200,72.600,0.015,-0.931,0.365
22.350,-49.200,72.600,0.006,-0.930,0.368
22.650,-50.100,70.350,0.010,-0.933,0.360
22.650,-50.100,70.350,0.011,-0.935,0.355
22.350,-48.000,70.350,0.014,-0.934,0.357
22.350,-48.000,70.350,0.011,-0.936,0.352
22.350,-50.100,69.300,0.016,-0.941,0.339
21.450,-50.550,70.500,0.010,-0.932,0.362
21.450,-50.550,70.500,0.011,-0.934,0.357
21.450,-50.550,70.500,0.014,-0.939,0.345
21.150,-47.250,71.550,0.030,-0.937,0.348
22.950,-47.100,71.250,0.039,-0.931,0.363
22.950,-47.100,71.250,0.021,-0.925,0.380
23.250,-47.850,71.700,-0.014,-0.930,0.366
21.600,-46.950,70.800,0.019,-0.921,0.388
23.400,-47.250,73.350,0.012,-0.924,0.382
23.400,-47.250,73.350,0.017,-0.924,0.381
22.350,-46.500,74.100,0.010,-0.912,0.411
22.350,-46.500,74.100,0.015,-0.894,0.448
21.150,-44.100,75.150,0.017,-0.888,0.460
21.150,-44.100,75.150,0.013,-0.889,0.458
20.850,-42.600,77.850,0.017,-0.875,0.484
20.850,-42.600,77.850,0.014,-0.874,0.487
23.250,-41.250,77.550,0.025,-0.859,0.511
21.600,-39.900,77.400,-0.008,-0.835,0.550
21.600,-39.900,77.400,0.001,-0.842,0.539
21.600,-39.900,77.400,0.036,-0.833,0.552
22.950,-38.100,79.050,0.016,-0.833,0.554
22.950,-38.100,79.050,0.001,-0.827,0.562
22.950,-38.100,79.050,0.004,-0.823,0.569
22.950,-38.100,79.050,0.027,-0.823,0.567
21.600,-37.500,80.100,0.020,-0.813,0.582
21.600,-37.500,80.100,0.016,-0.809,0.587
22.500,-33.750,79.800,0.010,-0.807,0.590
22.500,-33.750,79.800,0.017,-0.800,0.600
20.550,-33.750,81.300,0.018,-0.799,0.601
22.200,-34.950,81.000,0.010,-0.797,0.604
22.200,-34.950,81.000,0.017,-0.792,0.611
22.650,-34.050,79.350,0.011,-0.782,0.623
22.650,-34.050,79.350,0.013,-0.772,0.635
21.450,-33.450,81.750,0.011,-0.767,0.642
21.450,-33.450,81.750,0.022,-0.755,0.655
21.450,-33.450,81.750,0.018,-0.753,0.657
21.450,-33.450,81.750,0.021,-0.748,0.663
21.450,-31.800,82.500,0.015,-0.735,0.678
21.450,-31.800,82.500,0.019,-0.730,0.683
22.500,-29.550,82.050,0.019,-0.710,0.704
21.900,-28.050,83.400,0.011,-0.713,0.701
21.900,-28.050,83.400,0.009,-0.702,0.712
22.350,-28.050,83.700,0.013,-0.701,0.713
22.350,-28.050,83.700,0.012,-0.682,0.731
21.450,-27.450,84.750,0.007,-0.677,0.736
21.450,-27.450,84.750,0.017,-0.666,0.746
21.750,-24.450,84.300,0.023,-0.651,0.758
21.750,-24.450,84.300,0.018,-0.637,0.771
21.750,-24.450,84.300,0.014,-0.626,0.780
21.750,-24.450,84.300,0.006,-0.617,0.787
21.750,-21.300,84.300,0.020,-0.606,0.795
21.750,-21.300,84.300,0.023,-0.603,0.797
21.750,-21.300,84.300,0.006,-0.585,0.811
22.200,-20.850,85.800,0.017,-0.580,0.815
22.200,-20.850,85.800,0.023,-0.578,0.816
21.150,-18.000,85.200,0.029,-0.568,0.823
21.150,-18.000,85.200,0.013,-0.556,0.831
20.850,-19.050,84.900,0.013,-0.547,0.837
20.850,-19.050,84.900,0.016,-0.537,0.844
23.100,-17.100,85.200,0.015,-0.526,0.850
23.100,-17.100,85.200,0.014,-0.516,0.856
23.100,-17.100,85.200,0.021,-0.514,0.857
23.100,-17.100,85.200,0.019,-0.513,0.858
21.000,-14.250,84.750,0.033,-0.499,0.866
21.000,-14.250,84.750,0.023,-0.485,0.874
21.000,-14.250,84.750,0.019,-0.464,0.886
23.100,-11.700,85.650,0.018,-0.456,0.890
23.100,-11.700,85.650,0.013,-0.430,0.903
21.600,-10.500,85.950,0.007,-0.415,0.910
21.600,-10.500,85.950,0.012,-0.400,0.917
21.450,-9.450,87.000,0.020,-0.389,0.921
21.450,-9.450,87.000,0.028,-0.377,0.926
21.150,-7.800,87.900,0.022,-0.372,0.928
21.150,-7.800,87.900,0.013,-0.364,0.931
21.150,-7.800,87.900,0.009,-0.338,0.941
20.550,-4.800,84.750,0.018,-0.344,0.939
20.550,-4.800,84.750,0.018,-0.312,0.950
20.550,-4.800,84.750,0.010,-0.311,0.950
20.550,-4.800,84.750,0.014,-0.296,0.955
21.450,-4.050,85.050,0.023,-0.291,0.956
21.450,-4.050,85.050,0.024,-0.273,0.962
22.200,-1.350,84.000,0.030,-0.271,0.962
22.200,-1.350,84.000,0.019,-0.249,0.968
21.450,-1.350,84.750,0.018,-0.244,0.970
21.450,-1.350,84.750,0.014,-0.236,0.972
22.350,0.000,84.900,0.006,-0.228,0.974
21.900,1.500,84.450,0.013,-0.216,0.976
21.900,1.500,84.450,0.021,-0.214,0.977
22.500,1.350,85.050,0.024,-0.221,0.975
22.500,1.350,85.050,0.031,-0.193,0.981
22.500,1.350,85.050,0.025,-0.182,0.983
22.500,1.350,85.050,0.017,-0.179,0.984
22.500,3.300,83.250,0.010,-0.169,0.986
22.500,3.300,83.250,0.011,-0.167,0.986
22.200,3.300,82.050,0.013,-0.157,0.987
22.200,3.300,82.050,0.014,-0.146,0.989
21.750,4.050,82.500,0.032,-0.143,0.989
22.500,5.550,84.000,0.029,-0.127,0.991
22.500,5.550,84.000,0.020,-0.118,0.993
20.400,4.950,81.150,0.024,-0.108,0.994
20.400,4.950,81.150,0.014,-0.103,0.995
22.350,4.950,81.900,0.012,-0.115,0.993
22.350,4.950,81.900,0.026,-0.098,0.995
22.350,4.950,81.900,0.016,-0.111,0.994
22.350,4.950,81.900,-0.001,-0.126,0.992
22.350,4.650,82.650,0.025,-0.115,0.993
22.350,4.650,82.650,0.024,-0.122,0.992
22.350,4.650,82.650,0.018,-0.119,0.993
22.350,3.900,82.650,0.020,-0.126,0.992
22.350,3.900,82.650,0.018,-0.153,0.988
21.150,2.250,82.350,0.018,-0.153,0.988
21.150,2.250,82.350,0.023,-0.175,0.984
21.750,0.150,84.300,0.022,-0.178,0.984
21.750,0.150,84.300,0.005,-0.211,0.978
22.500,-0.150,84.000,0.033,-0.227,0.973
22.500,-0.150,84.000,0.011,-0.242,0.970
22.500,-0.150,84.000,0.011,-0.255,0.967
22.500,-0.150,84.000,0.018,-0.283,0.959
21.000,-3.300,84.000,0.021,-0.288,0.957
21.000,-3.300,84.000,0.011,-0.312,0.950
21.000,-3.300,84.000,0.008,-0.321,0.947
21.450,-6.750,83.550,-0.003,-0.370,0.929
21.900,-8.550,85.650,0.017,-0.397,0.918
21.900,-8.550,85.650,0.041,-0.397,0.917
22.200,-7.500,86.550,0.018,-0.413,0.911
22.200,-7.500,86.550,0.018,-0.434,0.901
22.500,-10.350,86.250,0.029,-0.432,0.902
22.500,-10.350,86.250,0.006,-0.460,0.888
21.000,-12.600,85.050,0.007,-0.470,0.883
21.000,-12.600,85.050,0.030,-0.498,0.867
21.450,-13.500,85.500,0.009,-0.507,0.862
21.450,-13.500,85.500,0.009,-0.513,0.858
21.450,-17.400,86.250,0.017,-0.515,0.857
21.450,-17.400,86.250,0.022,-0.534,0.845
21.750,-16.950,85.500,0.004,-0.547,0.837
21.750,-16.950,85.500,0.023,-0.561,0.828
21.000,-20.400,87.000,0.008,-0.576,0.817
21.000,-20.400,87.000,0.005,-0.591,0.807
22.200,-21.300,84.750,0.017,-0.595,0.804
22.200,-21.300,84.750,0.019,-0.609,0.793
21.000,-21.600,85.050,0.022,-0.612,0.790
21.000,-21.600,85.050,0.010,-0.624,0.781
21.150,-24.150,84.150,0.008,-0.635,0.772
21.150,-24.150,84.150,0.004,-0.657,0.754
21.150,-24.150,84.150,0.018,-0.663,0.749
21.600,-26.100,84.450,0.018,-0.678,0.735
21.600,-26.100,84.450,0.013,-0.689,0.724
21.150,-28.050,84.150,0.010,-0.694,0.720
21.150,-28.050,84.150,0.021,-0.705,0.709
21.000,-28.650,84.300,0.008,-0.718,0.696
21.000,-28.650,84.300,0.015,-0.718,0.696
21.900,-29.700,82.650,0.015,-0.734,0.679
21.900,-29.700,82.650,0.004,-0.754,0.656
22.500,-31.500,82.050,0.003,-0.760,0.650
22.350,-31.650,81.900,0.008,-0.764,0.645
22.350,-31.650,81.900,0.024,-0.772,0.635
22.350,-31.650,81.900,0.007,-0.779,0.627
22.350,-31.650,81.900,0.009,-0.790,0.613
21.750,-35.700,79.800,0.013,-0.794,0.607
21.750,-35.700,79.800,0.006,-0.801,0.598
21.750,-36.450,79.050,0.011,-0.815,0.580
21.750,-36.450,79.050,0.019,-0.819,0.573
21.600,-37.950,78.900,0.015,-0.823,0.567
21.600,-37.950,78.900,0.013,-0.831,0.555
22.350,-39.000,79.350,0.005,-0.835,0.550
23.100,-39.450,77.400,0.010,-0.842,0.539
23.100,-39.450,77.400,0.012,-0.847,0.531
22.200,-39.600,78.300,0.004,-0.855,0.519
22.200,-39.600,78.300,0.011,-0.849,0.528
22.200,-39.600,78.300,0.001,-0.855,0.519
22.200,-39.600,78.300,0.015,-0.858,0.514
21.900,-42.150,76.350,0.018,-0.867,0.498
21.900,-42.150,76.350,0.006,-0.876,0.483
21.450,-42.750,77.250,0.013,-0.875,0.483
21.450,-42.750,77.250,0.022,-0.882,0.470
22.350,-43.350,77.400,0.017,-0.874,0.486
22.350,-43.350,77.400,0.007,-0.876,0.482
21.450,-42.450,76.500,0.011,-0.893,0.451
22.500,-45.150,75.450,0.009,-0.890,0.456
22.500,-45.150,75.450,0.009,-0.894,0.449
23.100,-44.550,75.600,0.011,-0.897,0.441
23.100,-44.550,75.600,0.015,-0.899,0.438
23.100,-44.550,75.600,0.021,-0.902,0.430
23.100,-44.550,75.600,0.001,-0.906,0.423
22.950,-44.700,72.750,0.019,-0.904,0.427
22.350,-44.550,73.350,0.016,-0.909,0.417
22.650,-45.750,74.400,0.007,-0.911,0.413
22.650,-45.750,74.400,0.031,-0.898,0.438
21.450,-44.400,73.500,0.008,-0.899,0.437
22.650,-45.000,74.850,0.012,-0.880,0.475
22.200,-41.250,77.550,0.016,-0.862,0.506
22.200,-41.250,77.550,0.015,-0.860,0.511
21.600,-40.650,77.100,0.009,-0.854,0.520
