16.200,7.800,63.300,-1.389,-5.765,8.167,-0.465,0.130,0.168
18.150,5.850,61.800,-1.372,-5.950,7.798,-0.578,0.253,0.229
20.250,4.050,61.650,-1.697,-6.110,7.458,-0.404,0.295,0.202
20.550,2.850,61.950,-1.877,-6.431,7.324,-0.322,0.285,0.104
21.750,1.650,61.650,-2.227,-6.567,7.226,-0.328,0.264,0.094
22.650,1.500,61.350,-2.330,-6.706,7.037,-0.359,0.296,0.119
23.850,-0.300,59.550,-2.423,-6.864,6.567,-0.358,0.146,0.159
24.450,-0.900,58.650,-2.746,-6.962,6.299,-0.475,0.273,0.208
26.700,-1.650,57.150,-3.100,-7.338,5.997,-0.707,0.487,0.170
28.800,-5.400,57.000,-3.349,-7.628,5.550,-0.672,0.443,0.171
29.100,-6.600,55.500,-3.745,-7.889,5.136,-0.548,0.263,0.209
31.950,-6.750,51.900,-3.776,-7.779,4.812,-0.529,0.415,0.170
33.000,-7.350,51.300,-4.252,-8.085,4.357,-0.296,0.196,0.206
33.600,-7.950,50.850,-4.681,-8.126,3.893,-0.482,0.428,0.405
38.250,-9.750,48.750,-4.808,-7.994,3.455,-0.652,0.482,0.423
41.100,-9.900,45.600,-5.363,-7.980,2.612,-0.940,0.760,0.219
40.800,-13.050,44.850,-5.672,-8.150,2.140,-0.883,0.712,0.244
45.750,-12.600,34.800,-5.679,-8.121,0.910,-0.935,0.984,0.368
48.000,-13.800,32.850,-6.103,-8.128,0.340,-0.677,0.384,0.091
47.400,-14.400,32.400,-6.230,-7.855,-0.986,-0.852,0.663,0.063
49.800,-14.550,28.050,-6.462,-7.654,-2.014,-1.092,0.772,0.124
50.400,-15.150,22.350,-6.057,-7.448,-2.018,-0.589,0.109,0.141
49.350,-13.950,17.400,-6.452,-7.020,-3.086,-0.864,0.869,0.379
53.250,-14.550,13.200,-6.017,-6.689,-4.085,-0.830,0.554,0.339
53.250,-12.600,9.750,-6.041,-6.438,-4.774,-0.938,0.527,0.442
53.700,-12.300,3.900,-5.974,-5.717,-5.634,-1.042,0.859,0.351
54.450,-9.150,0.150,-6.304,-4.815,-6.333,-0.727,0.793,0.746
55.500,-3.300,-2.700,-5.930,-4.398,-6.677,-0.552,0.238,0.179
57.300,-3.450,-5.100,-5.576,-4.085,-7.096,-0.982,1.002,0.220
54.750,-2.100,-6.450,-5.095,-3.419,-7.944,-1.095,1.598,0.230
51.900,2.700,-16.350,-4.480,-2.983,-8.504,-0.747,0.806,0.082
50.550,4.050,-17.700,-4.106,-2.421,-9.194,-0.775,0.632,0.207
47.700,7.350,-23.100,-3.373,-1.214,-9.761,-1.713,1.338,0.127
43.650,11.700,-24.450,-2.363,-0.141,-9.512,-1.070,0.545,0.350
41.250,17.100,-27.450,-1.429,1.152,-10.063,-1.077,0.952,0.340
37.950,22.650,-29.700,-0.690,2.035,-9.577,-0.969,0.583,0.485
36.750,24.600,-30.450,-0.582,2.291,-9.689,-0.855,0.208,0.338
36.000,30.000,-28.950,-0.400,2.801,-10.305,-1.088,0.479,0.208
33.600,34.950,-30.600,0.227,3.840,-8.452,-1.410,0.445,0.449
32.550,41.850,-28.650,0.625,4.829,-8.483,-0.917,-0.133,0.564
30.450,43.500,-27.300,1.171,5.485,-7.690,-1.216,0.714,0.450
27.900,48.300,-24.000,1.563,6.515,-7.099,-0.749,-0.100,0.411
26.850,51.150,-23.100,1.298,6.488,-7.240,-0.568,-0.027,0.610
25.950,52.200,-22.050,1.935,6.874,-6.608,-0.619,-0.376,0.630
24.300,55.500,-21.150,2.049,7.142,-7.269,-0.962,-0.109,0.710
22.200,60.450,-15.750,2.490,7.343,-6.469,-1.610,0.372,0.717
20.250,62.700,-12.000,3.321,7.851,-5.011,-1.672,0.137,0.393
19.050,66.600,-4.650,3.591,7.750,-3.503,-1.266,-0.285,0.420
16.050,68.550,0.150,3.740,7.961,-2.998,-1.129,0.003,0.516
15.150,69.150,6.300,4.013,8.313,-2.672,-1.355,0.394,0.404
12.900,72.300,8.550,4.274,8.322,-0.840,-0.851,-0.421,0.306
11.100,70.950,13.500,4.451,8.346,-0.737,-1.346,0.378,0.155
8.700,70.350,20.100,4.872,8.569,0.639,-1.185,0.691,0.796
9.450,70.350,23.850,5.207,8.291,0.572,-1.333,0.995,0.193
8.400,69.000,31.050,5.025,7.961,2.998,-1.203,0.093,0.004
7.650,67.800,34.050,4.527,7.515,3.496,-0.743,-0.478,-0.052
7.650,67.800,35.550,4.597,7.132,3.845,-0.862,-0.245,-0.002
7.350,64.650,40.350,5.203,7.389,3.481,-0.885,-0.177,-0.060
7.350,61.950,44.400,4.784,7.022,5.471,-0.975,0.161,-0.050
7.950,60.600,48.750,4.853,6.649,4.932,-1.190,0.497,0.017
10.950,55.500,50.250,4.501,5.959,5.538,-1.112,0.069,0.105
10.500,52.800,55.500,4.448,5.018,6.412,-1.630,0.298,0.024
10.950,45.750,61.050,4.199,3.912,8.274,-0.944,-0.139,-0.038
10.500,43.050,61.050,4.331,3.491,7.922,-0.549,0.273,-0.291
12.600,42.000,60.900,3.704,2.555,7.628,-0.603,0.561,-0.207
14.400,39.900,64.800,3.397,2.428,8.052,-0.468,0.578,-0.202
15.450,37.950,64.350,2.863,2.073,8.847,-0.370,0.496,-0.290
19.350,36.300,65.550,2.897,2.784,10.513,-0.646,0.672,-0.446
23.400,32.400,65.100,3.014,3.472,9.888,-0.403,0.167,-0.368
23.100,32.400,66.300,2.210,3.213,9.285,-0.148,0.001,-0.120
23.100,31.200,67.800,2.689,3.900,9.088,-0.129,0.024,-0.159
24.300,31.650,67.800,2.571,4.096,9.445,-0.298,-0.147,-0.303
23.850,30.900,68.100,1.882,3.886,9.895,-0.289,0.024,-0.122
22.350,29.250,69.600,2.294,3.644,9.627,-0.327,-0.239,-0.305
20.550,25.950,69.450,1.978,3.069,9.579,-0.628,-0.268,-0.295
21.450,23.550,70.500,2.526,3.163,9.570,-0.440,-0.054,-0.584
22.350,20.700,70.050,1.915,2.179,8.775,-0.452,0.108,-0.859
23.400,18.750,70.050,2.215,2.184,8.882,-0.592,-0.112,-1.010
21.750,16.200,70.200,2.286,1.733,9.105,-0.658,-0.256,-0.869
20.400,10.950,70.350,2.303,1.817,9.582,-0.455,-0.078,-0.959
19.050,9.900,70.200,2.346,1.798,9.550,-0.332,-0.004,-0.978
19.350,8.550,70.800,2.143,1.879,9.428,-0.551,0.011,-0.805
16.500,6.450,70.200,1.381,0.958,9.543,-0.423,-0.190,-0.841
15.750,3.300,69.450,2.447,1.446,9.120,-0.338,-0.113,-1.164
14.550,0.900,67.500,2.078,0.192,9.232,-0.757,0.182,-0.958
14.400,-4.950,67.800,2.263,0.151,9.146,-1.052,0.004,-0.723
12.900,-6.150,65.850,2.552,-0.364,9.227,-1.551,0.851,-0.979
13.200,-13.650,61.050,1.901,-1.695,10.338,-1.832,1.209,-1.014
16.500,-21.600,55.200,0.740,-2.174,9.615,-0.912,0.858,-0.905
16.500,-23.550,53.700,0.443,-3.223,9.148,-0.538,1.001,-0.936
17.700,-25.050,52.050,-0.781,-4.164,8.969,-0.822,1.415,-0.808
18.750,-29.850,45.900,-1.657,-4.863,8.327,-1.288,2.141,-0.913
20.250,-32.550,40.800,-2.382,-5.193,8.507,-0.915,1.218,-0.538
19.650,-34.350,37.500,-2.911,-5.571,6.510,-0.043,1.260,-1.140
18.900,-36.300,34.200,-3.831,-6.634,7.891,-0.513,1.049,-0.735
16.650,-35.100,31.650,-3.637,-6.658,7.001,-0.389,1.007,-0.850
15.300,-36.150,29.850,-2.995,-7.154,6.306,-0.269,1.142,-0.847
10.800,-36.450,27.750,-3.251,-7.350,5.789,-0.220,0.955,-0.877
8.250,-34.800,27.900,-0.488,-7.597,5.030,-0.444,2.423,-1.607
6.900,-35.700,27.000,-3.232,-8.035,4.709,-0.350,1.593,-0.706
3.750,-34.800,24.900,-3.100,-8.246,3.517,-0.455,1.094,-0.712
3.000,-34.050,21.900,-2.837,-8.614,2.844,-1.504,2.141,-0.653
1.500,-34.350,20.400,-3.050,-9.785,1.508,-0.595,0.993,-0.720
-1.650,-32.550,18.300,-1.963,-9.546,0.124,-0.765,1.421,-0.548
-1.950,-32.250,17.250,-1.520,-9.462,0.527,-0.149,0.537,-0.230
-3.750,-33.150,17.400,-1.451,-9.809,-0.012,-0.930,1.935,0.095
-1.650,-32.250,16.200,-1.961,-10.441,-2.071,-1.021,1.946,0.261
0.900,-32.250,16.500,-1.781,-9.924,-1.389,-0.167,0.892,0.530
2.250,-31.950,14.850,-1.556,-9.400,-2.164,-0.308,1.546,0.741
6.450,-32.400,15.150,-2.485,-9.627,-2.986,-0.472,1.464,0.873
11.100,-32.250,13.950,-3.141,-9.342,-3.230,-0.608,1.218,1.459
20.100,-31.650,14.400,-3.919,-9.000,-3.440,0.710,0.452,1.629
22.950,-30.600,15.000,-3.941,-8.770,-3.223,-0.097,1.481,1.285
30.900,-27.900,11.700,-4.623,-7.867,-4.058,-0.527,1.950,1.283
36.150,-24.450,7.950,-5.145,-7.434,-4.381,0.739,0.482,1.520
40.050,-22.800,10.950,-6.838,-7.211,-4.197,1.029,0.133,1.623
46.200,-18.300,13.650,-5.938,-7.017,-3.615,1.038,0.570,1.319
51.300,-13.500,15.000,-6.366,-6.536,-3.275,0.930,0.745,0.929
51.300,-11.100,15.450,-6.823,-6.522,-3.280,1.267,0.533,0.684
54.450,-7.950,15.750,-7.266,-6.539,-3.263,1.108,0.789,0.766
55.800,-4.950,16.350,-7.245,-6.366,-3.021,1.022,0.671,0.999
58.800,-2.700,16.350,-7.288,-6.172,-2.440,1.291,0.246,0.958
60.750,2.700,15.600,-7.326,-5.988,-2.265,1.328,0.060,0.537
63.000,3.900,18.150,-7.966,-5.930,-1.944,0.728,0.636,0.290
61.800,5.850,16.650,-8.097,-5.480,-2.021,0.742,0.418,0.414
63.300,7.350,15.600,-8.253,-5.150,-1.781,0.814,0.344,0.563
63.900,11.850,14.700,-8.401,-4.978,-1.765,0.676,0.603,0.407
63.750,12.900,10.800,-8.380,-5.047,-2.014,0.780,0.500,0.189
64.050,13.650,10.800,-8.502,-5.073,-2.071,0.688,0.462,0.159
64.500,13.950,9.600,-8.598,-5.001,-1.978,0.630,0.377,0.222
64.800,13.200,7.050,-8.334,-4.918,-1.994,0.703,0.438,0.195
65.400,13.800,6.000,-8.588,-4.853,-2.061,0.638,0.433,0.073
64.350,13.800,5.400,-8.619,-5.025,-1.858,0.678,0.351,0.137
66.300,13.950,4.050,-8.461,-4.918,-1.997,0.641,0.478,0.223
66.000,15.150,2.850,-8.464,-4.942,-1.990,0.653,0.395,0.230
64.650,15.000,1.650,-8.574,-4.970,-2.030,0.562,0.320,0.114
65.250,15.900,-2.100,-8.523,-5.042,-1.817,0.587,0.359,0.113
66.150,14.550,-0.450,-8.442,-4.985,-1.832,0.580,0.367,0.111
65.850,13.800,-3.450,-8.444,-5.090,-1.791,0.519,0.406,0.098
65.550,15.600,-5.550,-8.440,-5.080,-1.829,0.569,0.301,0.137
65.850,14.550,-5.400,-8.380,-5.047,-1.973,0.544,0.299,0.225
64.650,15.750,-6.450,-8.724,-4.954,-1.870,0.602,0.261,0.292
64.050,13.950,-7.800,-8.775,-4.738,-1.408,0.627,0.286,0.394
63.900,15.000,-9.000,-9.124,-4.499,-1.235,0.822,0.314,0.272
64.800,13.950,-7.800,-9.270,-4.123,-1.839,0.564,0.483,0.237
63.750,14.400,-12.600,-8.904,-4.070,-1.733,0.320,0.814,0.530
63.000,17.100,-13.650,-8.945,-3.788,-2.219,0.778,0.158,0.467
62.700,16.500,-14.700,-9.179,-3.740,-1.827,0.686,0.110,0.390
62.250,15.600,-14.400,-9.273,-3.680,-1.504,0.896,0.035,0.639
62.550,17.100,-14.100,-9.098,-3.306,-1.041,0.981,0.083,0.568
63.450,17.400,-14.700,-9.608,-2.844,-0.711,1.086,0.447,0.542
62.550,17.100,-16.350,-9.728,-2.514,-0.955,1.331,0.269,0.547
62.550,14.850,-17.100,-9.797,-1.956,-0.769,1.285,0.345,0.651
61.050,14.850,-18.150,-9.814,-1.705,-0.718,1.577,0.227,0.619
59.850,12.000,-18.600,-9.852,-1.475,-0.594,1.604,0.290,0.478
61.200,9.900,-17.700,-9.878,-1.367,-0.438,1.628,0.254,0.490
60.450,7.500,-17.700,-10.178,-1.276,-0.371,1.671,0.165,0.499
57.900,5.550,-15.000,-10.075,-1.290,-0.249,1.612,0.220,0.663
58.950,3.600,-15.450,-9.878,-0.991,-0.515,1.556,0.049,0.789
60.450,1.650,-12.750,-9.675,-0.646,-0.345,1.664,-0.176,0.491
60.150,0.450,-10.950,-9.888,-0.280,-0.488,1.577,0.242,0.242
61.650,-0.450,-8.250,-9.905,-0.017,-0.713,1.601,-0.014,0.381
60.150,-2.850,-5.400,-9.835,0.129,-0.615,1.518,-0.006,0.487
61.500,-3.900,-2.850,-9.886,0.132,-0.546,1.652,-0.070,0.389
61.050,-2.700,1.350,-10.041,0.378,-0.718,1.656,-0.119,0.244
63.150,-3.300,4.650,-9.869,0.163,-0.678,1.516,-0.151,0.190
60.900,-3.600,5.700,-9.876,0.079,-0.730,1.513,-0.068,0.225
61.050,-3.450,11.100,-9.943,0.263,-0.783,1.531,-0.075,0.241
61.500,-2.250,14.850,-10.029,0.371,-0.883,1.530,-0.075,0.302
62.400,0.450,16.950,-9.991,0.328,-0.769,1.488,-0.162,0.383
63.450,2.100,20.250,-10.020,0.618,-0.800,1.459,-0.198,0.434
63.000,6.150,23.100,-10.125,0.804,-0.718,1.390,-0.175,0.526
61.800,10.050,25.200,-9.871,1.353,-0.888,1.243,-0.330,0.762
63.150,12.300,26.250,-9.943,1.956,-0.852,1.280,-0.468,0.734
61.800,19.500,28.650,-9.766,2.387,-0.493,1.260,-0.451,0.782
59.850,25.800,27.900,-9.141,2.990,-0.886,1.209,-0.358,0.716
59.400,26.700,29.850,-9.364,3.723,-0.340,1.264,-1.220,0.452
56.850,33.600,33.150,-8.712,3.742,-0.158,1.100,-1.706,0.349
51.750,35.700,40.800,-8.466,3.802,1.417,1.128,-2.015,-0.026
49.800,38.850,41.550,-8.528,3.771,2.401,0.750,-1.526,-0.429
42.900,40.950,44.250,-8.440,3.613,4.207,1.182,-2.712,-0.623
36.750,43.050,47.700,-7.616,3.572,4.985,0.645,-1.589,-0.733
35.250,42.150,49.050,-7.058,3.151,5.835,0.537,-1.299,-0.749
33.000,43.350,49.800,-6.752,2.863,7.013,0.854,-2.260,-1.146
28.950,43.200,51.150,-5.835,2.325,7.178,0.445,-2.111,-1.078
26.250,44.700,52.350,-5.296,2.437,7.772,-0.056,-1.093,-0.984
24.450,43.200,53.100,-5.614,1.810,8.871,0.133,-1.015,-0.983
24.300,42.600,53.250,-3.498,1.544,8.701,0.091,-1.161,-1.201
23.850,40.650,54.300,-3.637,1.317,8.871,-0.134,-0.672,-1.110
21.600,40.950,57.000,-2.631,0.436,9.546,-0.166,-1.001,-1.520
21.900,40.200,56.550,-1.800,0.333,9.270,0.159,-1.399,-1.492
18.300,41.550,56.700,-0.488,0.132,9.787,0.102,-0.944,-1.666
18.750,40.500,58.200,-0.110,-0.251,9.380,-0.403,-0.589,-1.533
17.550,39.300,58.950,0.754,0.225,9.792,-0.124,-1.558,-1.616
15.150,38.700,60.600,1.887,0.101,10.113,0.171,-1.858,-1.430
10.500,40.200,61.350,5.210,1.204,4.985,0.817,-3.340,-1.603
3.000,44.550,59.250,4.664,1.132,8.260,-0.857,-0.479,-1.136
3.300,41.850,59.550,5.210,0.860,8.523,-0.780,-0.442,-1.133
2.700,41.250,59.700,5.325,0.943,8.133,-0.839,-0.374,-1.293
3.900,38.850,62.400,5.538,1.051,8.138,-0.759,-0.575,-1.272
1.950,37.350,64.200,5.748,1.207,7.525,-0.803,-0.625,-1.463
3.150,36.900,63.900,6.716,1.231,7.542,-1.108,-0.184,-2.067
5.550,33.600,66.600,5.983,1.724,7.489,-0.593,-0.993,-2.285
5.550,34.800,67.350,6.294,2.550,7.044,-0.691,-0.903,-2.083
2.250,32.850,66.300,6.531,3.824,6.981,-0.565,-0.781,-1.638
0.900,33.000,67.200,6.922,3.563,5.590,-0.733,-0.757,-1.893
-1.200,34.500,65.400,6.328,4.314,7.008,0.598,-1.934,-1.907
-5.550,39.900,60.600,7.113,5.873,2.574,-0.466,-1.333,-2.282
-6.900,41.550,61.950,6.256,6.325,5.744,-0.080,-1.129,-1.512
-8.400,41.550,58.950,6.163,7.130,3.268,0.384,-2.037,-1.564
-13.650,50.400,52.050,5.492,7.898,1.319,0.919,-2.780,-1.488
-16.200,52.350,46.500,4.348,8.547,0.165,0.251,-2.167,-1.061
-17.700,57.900,40.200,3.184,8.873,-0.958,0.328,-1.854,-0.860
-18.000,59.550,32.550,3.189,8.636,-1.640,0.195,-1.439,-0.267
-18.000,61.200,29.250,2.447,8.909,-1.075,1.100,-2.385,-0.068
-20.100,61.800,15.150,1.810,8.028,-4.733,1.332,-2.267,0.262
-22.200,60.000,7.200,2.727,8.066,-5.279,-0.319,-0.500,0.870
-23.850,54.750,3.300,3.345,8.150,-5.468,0.804,-2.097,1.076
-23.700,52.950,-1.650,1.496,6.656,-6.735,-0.185,-1.281,1.430
-25.350,46.050,-6.300,5.227,7.015,-7.432,-0.073,-2.178,0.906
-23.400,40.950,-16.650,2.784,6.608,-7.175,-0.192,-2.244,1.277
-21.450,39.300,-18.000,2.243,6.366,-6.539,-0.335,-0.822,1.033
-18.900,34.350,-21.900,1.841,5.617,-8.159,0.519,-1.563,0.991
-14.550,30.300,-25.800,2.895,5.399,-8.657,0.262,-0.795,1.391
-13.950,27.000,-27.150,2.387,4.302,-8.303,1.039,-1.696,1.370
-6.750,18.300,-29.700,2.083,2.962,-9.045,1.195,-0.873,1.345
-1.950,9.900,-31.050,2.095,1.559,-9.215,1.994,-1.211,1.293
0.900,3.600,-30.300,1.250,-0.012,-9.752,2.031,-0.544,0.906
4.500,-5.400,-27.450,0.833,-2.105,-9.677,2.285,-0.520,0.719
9.000,-13.950,-20.100,0.500,-4.104,-8.894,2.426,-0.422,0.781
13.800,-23.550,-13.500,0.249,-5.394,-8.480,2.531,-0.031,0.906
16.200,-27.000,-7.350,-0.467,-7.568,-8.418,2.633,0.194,0.648
17.550,-31.500,3.900,-0.706,-8.978,-6.220,1.813,0.825,0.267
19.500,-31.800,12.450,0.036,-9.100,-4.585,1.266,0.834,0.214
20.100,-31.200,15.150,-0.239,-9.658,-3.393,1.401,1.296,0.536
22.200,-29.850,20.550,0.488,-9.395,-2.907,2.038,0.984,0.533
24.600,-27.000,26.700,-1.101,-10.056,-1.168,1.563,0.185,0.078
25.050,-27.300,28.650,-0.575,-9.989,0.318,1.176,0.811,0.226
26.250,-23.550,37.050,-0.385,-8.552,0.618,1.978,0.859,0.024
28.950,-20.400,41.850,-1.061,-9.771,2.569,2.126,0.223,0.367
29.400,-16.500,44.100,-1.566,-9.213,5.138,1.450,0.284,-0.002
31.950,-11.100,47.100,-2.172,-7.235,6.254,1.868,0.736,-0.469
33.900,-5.550,49.650,-1.987,-7.611,6.850,2.108,0.711,-0.224
38.850,0.450,52.650,-1.369,-5.420,7.302,1.635,1.091,-0.600
40.950,3.000,53.250,-2.356,-5.282,8.602,1.867,1.532,-0.823
45.300,7.200,49.350,-4.458,-4.475,8.849,1.292,1.259,-0.816
48.900,10.950,49.050,-2.318,-2.777,9.323,1.594,0.766,-1.073
49.650,12.450,48.000,-3.931,-1.355,9.380,1.488,0.771,-0.955
51.600,14.850,46.950,-3.797,-1.310,8.564,1.526,0.561,-0.934
53.700,16.950,46.350,-4.693,-0.792,8.942,1.570,0.261,-0.950
53.850,17.100,45.450,-5.035,0.249,8.507,1.069,0.833,-0.928
56.550,17.550,41.250,-5.686,1.307,8.095,1.486,0.248,-0.733
58.200,17.700,44.100,-5.440,1.805,8.049,1.857,-0.939,-0.906
55.350,19.950,45.750,-4.748,3.187,8.090,2.065,-1.159,-0.526
54.750,25.200,48.150,-3.948,4.144,7.836,2.175,-2.144,-0.089
46.500,33.000,53.100,-2.844,5.914,7.190,1.844,-1.576,-0.179
42.900,41.400,55.800,-1.674,6.709,6.302,1.633,-1.618,-0.102
38.850,45.450,57.150,-1.393,8.238,6.359,1.206,-2.222,0.022
31.200,49.800,59.700,0.160,8.456,4.568,1.120,-1.685,-0.011
25.800,55.050,57.300,1.147,8.672,3.802,0.932,-1.535,0.484
22.500,57.300,55.950,2.406,8.315,2.720,0.756,-1.332,0.585
15.150,60.150,54.300,3.285,8.691,2.138,-0.117,-1.291,0.557
6.600,58.500,54.450,3.613,8.985,1.942,-0.358,-1.311,0.890
0.450,58.050,52.350,5.215,8.102,1.465,-0.407,-1.564,0.991
-9.000,54.000,51.750,5.825,7.128,1.238,-0.322,-1.614,1.276
-18.600,48.900,49.800,6.527,6.579,1.298,-0.696,-1.318,1.446
-23.250,43.950,47.400,7.705,4.666,0.244,-0.618,-1.356,1.794
-33.150,34.950,43.350,8.801,3.893,-0.668,-0.269,-1.639,2.289
-39.000,22.950,36.750,9.677,2.686,-1.386,-2.060,0.179,1.727
-38.250,17.100,35.700,9.910,1.259,-1.441,-1.063,-0.935,1.374
-38.400,6.000,32.550,9.261,-0.804,-1.171,-1.182,-0.062,1.607
-36.900,-4.800,30.600,9.934,-0.572,-1.530,-1.569,0.602,1.574
-34.800,-9.750,28.650,9.019,-2.775,-1.192,-1.886,0.884,1.567
-28.950,-16.950,27.300,8.973,-3.433,-0.766,-1.302,0.271,1.274
-23.700,-22.800,25.500,8.428,-4.377,-1.386,-0.907,0.525,1.299
-15.750,-27.450,24.000,7.863,-5.531,-1.271,-0.881,0.482,1.393
-13.650,-29.700,20.400,6.931,-6.443,-0.761,-0.975,0.340,1.662
-4.800,-33.600,17.400,7.477,-8.114,-0.965,-1.067,0.768,1.650
3.000,-34.800,14.100,5.562,-8.253,-1.635,-0.669,1.059,1.326
6.000,-35.550,13.350,5.057,-8.818,-1.408,-0.559,1.219,1.084
12.300,-35.700,11.700,5.435,-8.112,-0.819,-0.254,1.635,0.819
15.900,-33.600,9.300,2.871,-9.201,-1.427,-0.618,1.316,0.937
17.400,-33.600,7.350,3.711,-9.230,-1.580,-0.666,1.589,0.969
20.400,-32.850,2.550,2.847,-9.795,-0.673,-0.406,1.747,0.793
21.150,-31.200,0.600,1.896,-10.041,-1.525,-0.171,1.566,0.722
23.250,-29.850,-0.900,1.324,-10.525,-1.786,-0.454,1.522,0.420
21.750,-28.650,-1.950,0.649,-9.955,-1.879,-0.321,1.668,0.331
20.400,-25.800,-6.600,1.003,-9.313,-1.561,-0.518,1.646,0.258
18.000,-28.650,-7.200,-0.723,-9.182,0.910,0.737,1.915,1.162
20.400,-26.550,-5.850,1.923,-9.768,-2.794,-0.560,1.471,0.628
17.700,-26.100,-5.850,-0.965,-10.716,-0.615,-0.272,1.304,-0.020
15.750,-26.700,-7.500,-0.196,-9.864,-0.103,0.228,1.298,0.084
12.900,-26.550,-7.800,0.141,-9.713,-1.159,0.134,0.977,-0.290
11.850,-27.450,-4.650,-0.273,-9.926,-0.563,-0.040,1.094,-0.285
6.600,-27.900,-3.450,0.733,-10.223,-0.007,0.171,1.301,-0.350
2.700,-27.450,-2.400,2.243,-10.202,-1.439,0.256,0.995,-1.107
-3.300,-25.800,-1.350,2.765,-11.253,-0.486,0.281,0.446,-1.453
-11.100,-24.000,1.200,1.664,-10.381,0.941,-0.296,1.296,-0.366
-11.700,-24.150,2.550,3.376,-9.754,-1.599,-1.105,1.506,0.200
-12.150,-22.950,2.550,2.337,-10.436,0.388,-0.417,1.075,0.039
-13.350,-22.800,4.950,1.827,-10.087,0.376,-0.413,1.636,0.838
-11.250,-27.000,7.800,2.658,-9.194,-1.080,-0.193,1.309,0.450
-11.100,-25.500,9.450,1.901,-9.898,-0.029,0.148,1.542,-0.138
-12.300,-25.500,13.500,1.245,-9.802,-0.807,-0.231,1.642,-0.007
-13.650,-27.300,15.150,0.919,-9.764,-0.785,-0.338,1.375,-0.040
-13.350,-25.500,16.500,0.845,-10.080,-0.666,-0.166,1.163,0.149
-12.300,-25.950,20.250,1.144,-9.426,-0.275,-0.190,1.247,0.225
-12.450,-27.750,18.900,1.657,-10.752,7.056,-0.453,1.716,0.349
-11.100,-29.550,21.300,-0.919,-10.197,-0.201,-0.440,1.740,1.219
-4.500,-32.850,23.100,-0.242,-9.957,-0.651,-0.014,1.068,1.182
1.650,-33.750,24.000,-1.173,-9.878,-0.831,0.025,1.393,1.107
4.350,-35.700,25.500,-2.672,-10.013,-1.202,0.181,1.053,1.545
14.850,-35.700,27.000,-4.611,-9.546,-0.979,0.036,1.290,1.986
26.250,-33.450,25.800,-4.827,-8.456,-1.089,0.608,0.640,1.855
35.850,-31.050,29.850,-6.081,-7.369,-1.286,0.730,0.996,1.917
42.000,-27.000,30.150,-7.487,-6.268,-0.958,0.973,0.847,2.245
52.650,-18.750,30.150,-7.812,-5.533,-1.211,1.280,0.945,2.234
60.900,-5.250,31.800,-8.310,-3.986,-1.283,1.045,0.467,2.210
65.250,0.300,32.700,-9.213,-2.557,-1.815,1.332,0.213,1.767
67.950,12.000,31.650,-9.574,-0.788,-2.377,1.310,0.474,1.740
68.400,23.250,30.600,-9.220,0.206,-2.725,1.557,0.061,1.785
69.000,28.500,28.950,-9.553,2.078,-3.146,1.270,-0.287,1.844
66.750,41.400,30.900,-8.966,3.452,-2.308,1.241,-0.659,1.499
61.050,50.100,29.700,-8.231,4.305,-2.119,1.463,0.104,0.977
60.450,53.700,27.000,-8.274,3.967,-3.577,1.745,0.497,0.168
59.850,54.000,18.600,-8.509,3.448,-4.867,1.751,-0.167,-0.035
59.850,54.300,11.550,-8.638,2.610,-5.057,1.805,-0.243,0.400
57.450,57.300,9.000,-8.013,3.117,-5.432,1.576,0.188,0.540
56.700,57.300,6.750,-7.822,2.691,-6.053,1.695,-0.361,0.321
54.600,56.700,0.600,-7.743,2.310,-5.650,1.518,-0.249,0.659
52.350,55.050,-4.050,-7.207,1.748,-6.606,1.369,0.191,0.673
50.400,55.950,-8.100,-6.931,1.599,-7.307,1.246,0.441,0.777
46.050,54.900,-14.700,-6.766,1.652,-7.609,1.417,0.307,0.596
42.000,51.150,-17.850,-6.495,1.769,-8.437,0.604,0.850,0.618
38.700,50.400,-19.350,-5.440,1.348,-7.843,0.888,0.101,0.678
36.000,48.900,-22.650,-5.473,1.338,-8.430,1.363,0.939,1.181
31.200,41.550,-27.750,-4.930,0.869,-9.012,1.745,0.492,1.116
27.900,40.050,-30.300,-4.199,-0.093,-9.934,0.738,1.023,1.036
19.800,34.500,-31.050,-3.577,-0.002,-9.675,0.927,0.706,1.272
18.150,29.700,-32.400,-3.062,-0.548,-9.242,1.561,-0.188,1.479
12.150,24.600,-33.900,-2.921,-1.161,-11.365,-0.085,2.557,1.062
1.650,23.550,-32.550,-0.752,-0.680,-10.458,-0.197,2.343,1.539
-9.300,22.800,-28.800,0.766,-0.215,-10.532,-0.588,1.907,1.136
-16.500,20.400,-22.050,3.151,0.402,-7.558,-1.062,2.059,1.048
-18.600,21.000,-20.850,3.689,0.766,-9.546,-0.618,0.569,1.176
-21.900,18.000,-16.650,4.915,0.512,-8.772,-0.591,0.874,1.207
-25.500,16.500,-15.750,6.749,0.809,-7.046,-1.097,1.647,0.800
-26.700,16.950,-12.000,4.290,0.536,-9.886,-0.725,1.595,0.900
-32.250,13.950,-4.350,6.507,0.879,-5.241,-1.159,2.235,0.789
-35.400,13.800,6.000,9.790,1.767,-4.305,-2.093,3.123,0.595
-35.850,11.850,12.450,10.314,1.664,-0.180,-1.571,2.856,0.118
-34.500,11.250,26.400,9.184,1.741,1.709,-2.077,2.822,-0.161
-32.550,9.300,33.900,9.263,2.308,2.452,-0.988,0.972,-0.585
-28.650,9.900,42.150,8.052,1.745,4.982,-1.497,2.809,-0.979
-26.100,10.500,43.500,7.594,2.114,5.578,-0.196,1.681,-1.310
-20.550,14.250,50.850,5.636,3.299,7.343,-0.702,2.802,-1.119
-11.250,15.900,57.300,4.319,3.725,8.226,0.015,1.100,-1.209
-10.800,18.150,59.400,2.825,4.080,8.080,-0.098,1.358,-1.417
-3.000,21.900,61.050,0.730,4.235,8.775,0.332,1.625,-1.228
1.200,25.500,63.900,0.702,5.234,8.317,0.232,0.667,-1.666
4.800,26.100,63.300,-1.159,5.145,7.503,0.066,1.369,-1.366
12.300,27.150,63.900,-2.002,4.999,8.801,0.884,0.373,-1.014
15.900,31.950,64.050,-4.132,4.415,7.491,0.670,1.003,-0.809
20.100,32.850,64.050,-4.820,4.161,6.232,0.413,0.704,-0.632
24.000,35.700,61.650,-4.492,5.610,6.414,0.853,-0.255,-0.577
24.450,39.600,61.950,-5.988,5.037,5.885,0.753,-0.645,-0.704
22.950,40.800,62.700,-5.258,5.863,6.019,0.640,-0.639,-1.073
23.100,42.150,62.850,-6.400,5.787,6.706,0.407,-0.882,-0.967
22.650,44.550,62.550,-5.564,5.818,6.002,-0.156,-0.036,-1.377
24.000,43.950,64.200,-6.704,3.946,5.612,-0.248,0.515,-1.732
31.200,40.050,63.900,-7.796,2.866,5.701,-0.548,1.510,-2.096
39.150,35.400,61.200,-7.942,1.774,5.131,1.263,-0.787,-1.708
40.050,38.550,61.650,-8.406,1.963,4.772,1.096,-0.405,-1.716
40.200,40.200,60.300,-8.523,1.350,4.331,0.657,0.008,-1.667
43.350,38.100,60.150,-8.839,1.168,5.181,0.714,-0.533,-1.220
42.600,38.550,61.200,-8.023,1.018,4.752,0.602,-0.057,-1.416
43.800,38.100,59.700,-8.068,-0.060,4.650,-0.044,0.795,-1.670
47.550,32.250,57.450,-8.464,-1.288,4.990,0.200,-0.018,-2.009
51.150,26.550,55.050,-8.298,-2.500,4.822,-0.151,1.041,-2.295
53.250,21.300,56.400,-8.557,-3.852,4.013,-0.368,1.090,-2.095
56.250,12.300,48.150,-7.338,-6.388,3.261,0.623,0.300,-2.848
54.450,3.300,48.900,-6.062,-7.542,3.247,-0.080,1.351,-2.487
54.000,-1.650,46.350,-4.444,-8.533,2.614,-0.596,1.288,-2.703
49.800,-13.800,38.550,-4.096,-9.069,1.961,-0.393,1.261,-2.419
43.800,-22.500,33.300,-1.618,-10.089,0.977,-0.728,1.658,-1.539
39.750,-27.000,25.650,-0.836,-10.216,0.682,-0.510,1.265,-1.241
38.850,-28.350,23.550,0.622,-10.072,-0.747,-0.561,1.188,-0.964
34.050,-30.450,18.150,1.432,-9.764,-1.183,-0.635,1.582,-1.176
28.350,-30.450,11.550,1.851,-9.625,-1.695,-0.865,1.605,-0.930
26.550,-31.950,8.850,1.822,-10.063,-1.872,-0.778,1.900,-0.313
22.500,-31.500,3.900,2.071,-9.969,-2.679,-0.754,1.574,0.165
22.950,-31.500,-1.650,1.994,-9.833,-2.363,-0.668,1.289,0.396
22.350,-27.300,-4.350,1.697,-9.993,-2.241,-0.724,1.432,0.462
21.600,-27.300,-7.800,1.528,-9.610,-2.708,-0.529,1.485,0.588
19.800,-26.400,-11.250,1.599,-9.155,-3.041,-0.693,1.376,0.316
18.750,-23.250,-12.000,1.030,-9.464,-2.567,-0.431,1.570,0.184
15.150,-23.850,-12.150,1.307,-9.857,-2.911,-0.110,1.389,0.469
12.300,-23.250,-13.500,1.451,-9.742,-3.041,-0.142,1.403,0.541
10.350,-23.250,-13.200,1.231,-9.615,-2.727,-0.027,1.467,0.548
7.350,-23.250,-11.700,1.401,-9.359,-2.512,-0.080,1.596,0.440
5.100,-22.500,-10.500,1.338,-9.488,-2.138,-0.048,1.701,0.278
2.400,-24.000,-9.450,1.044,-9.893,-2.418,-0.145,1.762,0.213
-0.450,-23.250,-8.250,0.905,-10.065,-2.476,-0.170,1.732,0.421
-0.900,-24.000,-6.450,1.257,-9.163,-2.619,-0.422,1.782,0.346
-4.350,-23.550,-5.400,0.797,-9.270,-2.739,-0.655,1.356,0.524
-5.400,-23.550,-5.400,0.120,-9.574,-4.290,-0.932,1.412,0.874
-4.650,-23.550,-7.500,-0.934,-9.199,-4.432,-1.707,2.055,1.623
-1.800,-22.650,-10.350,-0.611,-8.365,-5.322,-1.368,1.566,1.409
-2.400,-23.250,-13.200,-1.645,-7.235,-6.495,-1.581,2.197,1.453
-2.700,-22.800,-15.450,-1.688,-7.171,-7.580,-1.260,1.814,1.803
-0.300,-21.900,-16.650,-1.401,-6.220,-8.775,-0.302,0.097,1.811
3.300,-21.900,-17.850,-1.923,-4.482,-10.364,-1.931,1.884,1.909
5.100,-18.150,-24.000,-1.614,-3.606,-8.617,-1.670,0.144,1.362
10.500,-13.650,-26.700,-2.128,-2.485,-8.964,-0.861,-0.113,1.102
15.300,-11.400,-29.550,-3.381,-1.695,-8.995,-0.104,-0.529,1.745
18.150,-10.500,-28.200,-3.742,-0.900,-9.596,-0.180,0.247,2.244
23.700,-9.900,-31.050,-3.323,-0.713,-9.591,-0.066,0.433,2.106
26.550,-9.000,-30.900,-2.231,0.060,-9.136,0.210,0.082,1.705
29.100,-9.750,-31.650,-4.381,-0.445,-9.567,0.194,0.230,2.667
35.400,-6.450,-31.050,-2.998,0.649,-9.742,0.304,-0.066,2.859
41.100,-0.150,-30.600,-2.145,1.132,-9.610,0.152,0.122,2.778
42.600,2.400,-31.050,-0.417,0.405,-8.612,0.797,-0.071,1.889
46.950,1.050,-28.650,-2.638,1.324,-10.238,0.845,0.102,-0.123
43.950,-1.050,-28.650,-2.538,0.539,-9.936,0.815,0.519,-0.178
43.950,-1.050,-28.650,-3.534,-0.910,-10.025,0.723,0.911,0.913
40.500,-5.400,-28.950,-0.658,-0.778,-9.876,0.455,0.269,1.437
42.600,-5.550,-28.500,-1.494,-0.572,-10.834,-0.032,0.518,0.809
40.050,-4.050,-29.250,-0.251,0.204,-9.062,0.509,0.653,0.370
39.600,-6.450,-28.050,-1.444,-0.984,-11.028,0.445,0.557,0.210
38.250,-5.400,-29.400,-1.310,-1.432,-9.831,-0.056,0.204,-0.215
33.300,-8.550,-27.150,-0.555,-1.441,-10.307,0.452,0.688,-0.800
33.300,-8.550,-27.150,0.994,-1.384,-9.912,-0.295,0.633,-0.624
25.050,-9.000,-28.950,0.704,-0.994,-11.090,-0.515,0.156,-0.915
22.650,-7.350,-30.150,0.335,-1.099,-10.341,-0.806,0.584,-0.431
22.650,-7.350,-30.150,0.883,-0.709,-10.149,-0.354,-0.050,0.311
20.250,-1.650,-31.800,1.642,-1.204,-9.752,-0.691,0.450,0.203
18.300,-0.450,-32.550,1.204,0.084,-10.127,-0.167,-0.187,-0.216
18.300,-0.450,-32.550,1.348,0.132,-9.790,-0.814,0.316,-0.405
18.000,4.050,-34.350,1.561,0.634,-9.914,-0.887,-0.129,-0.173
20.250,8.400,-33.300,1.142,0.871,-10.216,-1.046,-0.309,0.465
20.250,8.400,-33.300,0.690,1.398,-9.912,-0.183,0.209,1.039
20.550,14.250,-35.100,1.293,1.195,-10.297,-0.252,-0.090,1.998
22.650,15.150,-33.450,1.408,0.910,-10.276,-0.098,-0.469,3.063
24.300,19.950,-33.450,1.408,0.900,-9.096,-0.011,-0.290,3.282
23.100,22.650,-32.400,0.474,0.019,-10.870,0.120,-0.100,3.625
22.500,25.200,-33.300,0.424,-0.187,-9.886,-0.383,-0.412,4.366
18.600,28.050,-32.400,0.637,-0.675,-10.618,-0.285,0.260,4.191
18.600,28.050,-32.400,0.412,-0.946,-9.972,-0.174,0.223,3.445
9.450,29.250,-32.400,0.065,-0.582,-9.941,-0.663,0.369,3.119
4.800,28.950,-31.950,2.011,-0.077,-9.031,0.110,0.154,3.208
4.800,28.950,-31.950,0.201,-0.436,-10.652,-0.396,0.567,3.281
-0.300,23.850,-31.650,1.211,0.074,-9.543,-0.190,-0.516,3.360
0.300,18.300,-34.200,-1.065,-0.517,-10.779,-0.119,-0.427,2.940
0.300,18.300,-34.200,-2.804,-0.855,-11.030,-0.213,-0.472,3.231
6.000,12.000,-34.950,-2.679,-0.591,-10.379,0.392,-0.320,3.195
8.400,9.150,-36.600,-1.786,0.017,-10.858,-0.047,-0.214,3.328
8.400,9.150,-36.600,-3.788,1.171,-10.465,0.438,-0.167,3.524
16.200,3.450,-34.650,-2.339,0.996,-10.039,0.427,0.524,3.597
15.750,3.600,-35.850,-0.879,1.271,-8.739,-0.100,1.239,3.860
19.050,4.050,-37.050,-0.814,1.267,-10.664,-0.672,0.449,3.367
19.050,4.050,-37.050,0.551,1.961,-9.723,-0.791,0.290,3.055
19.500,13.050,-39.300,1.724,2.150,-9.270,-0.879,1.340,3.124
13.050,16.200,-40.800,3.522,2.069,-8.780,-0.730,1.148,3.034
13.050,16.200,-40.800,5.198,2.119,-8.487,-0.941,0.969,2.776
3.150,18.900,-38.550,6.053,1.686,-7.503,-1.494,1.851,1.739
-5.400,26.400,-37.350,7.096,1.393,-6.134,-1.500,1.960,1.548
-5.400,26.400,-37.350,8.305,1.135,-4.853,-1.287,0.976,1.152
-19.650,29.700,-29.700,9.151,1.386,-4.310,-1.351,1.537,0.963
-26.700,30.300,-22.500,9.601,0.453,-2.550,-0.983,1.641,0.696
-26.700,30.300,-22.500,10.101,0.498,-1.185,-1.740,2.853,0.186
-34.050,31.650,-12.150,9.644,0.357,1.937,-1.468,2.172,-0.461
-39.150,39.300,6.450,9.610,0.917,2.897,-1.149,1.052,-0.823
-39.150,40.800,12.750,8.344,0.639,4.568,-1.926,2.061,-1.022
-37.500,43.350,22.350,7.341,1.010,5.377,-0.947,1.116,-1.128
-29.400,48.600,33.600,6.768,1.633,6.488,-0.612,0.887,-0.990
-26.100,53.100,38.700,5.863,2.234,7.288,-0.302,1.231,-1.205
-26.100,53.100,38.700,4.748,2.083,7.822,-0.428,1.124,-1.205
-13.950,58.650,42.000,4.334,2.698,8.693,-0.608,0.379,-1.057
-9.000,56.700,47.700,3.752,2.607,8.155,-0.695,0.667,-0.977
-9.000,56.700,47.700,2.648,2.421,8.578,-0.389,0.429,-1.126
1.650,60.450,48.150,2.200,2.636,8.959,-0.279,0.019,-1.220
6.900,59.550,48.150,1.264,2.665,8.775,-0.214,-0.109,-1.255
6.900,59.550,48.150,1.211,2.904,8.619,-0.502,0.663,-1.469
15.300,58.050,48.600,1.966,3.836,7.985,0.460,0.262,-1.590
22.950,58.050,46.650,-0.184,3.828,9.364,0.394,0.405,-1.497
31.800,56.250,45.450,-0.124,3.709,8.423,0.006,0.504,-2.139
31.800,56.250,45.450,-1.346,3.718,7.707,0.204,0.005,-2.169
43.950,48.000,43.200,-4.906,2.406,9.725,-0.457,0.958,-2.005
50.400,41.850,43.500,-4.999,1.528,8.574,-0.430,-1.343,-2.199
50.400,41.850,43.500,-4.434,0.630,8.973,-1.656,0.736,-1.521
50.850,26.100,50.250,-3.598,-0.136,8.732,-0.267,-2.184,-1.762
45.300,16.950,54.450,-2.478,-0.469,9.208,-2.670,0.721,-1.038
45.300,16.950,54.450,-2.847,-3.776,9.139,-1.980,0.049,-1.208
43.200,-3.000,47.250,-2.638,-4.496,8.906,-1.349,0.395,-0.820
42.600,-9.150,42.600,-2.332,-5.191,7.855,-0.833,0.791,-0.810
42.600,-9.150,42.600,-2.571,-6.311,6.361,-2.063,2.353,-1.489
43.950,-18.300,29.400,-3.328,-8.068,4.901,-1.856,2.237,-1.019
37.650,-22.500,16.500,-3.069,-8.284,2.856,-1.642,1.824,-1.210
34.800,-23.850,3.300,-2.495,-8.650,1.839,-1.978,2.154,-0.846
30.300,-24.600,0.000,-3.191,-10.226,-0.824,-2.028,2.321,-0.699
23.250,-22.050,-12.000,-2.260,-9.886,-2.775,-1.946,1.991,-0.232
16.650,-17.100,-18.900,-1.982,-8.952,-3.728,-1.558,0.976,0.018
16.650,-17.100,-18.900,-0.606,-8.279,-5.059,-1.024,1.427,-0.346
8.700,-10.950,-23.400,-0.792,-8.447,-4.805,0.126,1.904,0.041
3.000,-15.150,-19.350,0.371,-9.328,-5.406,1.136,1.197,0.505
3.000,-15.150,-19.350,-0.328,-9.359,-3.654,2.266,0.429,0.542
2.400,-23.250,-7.200,-0.543,-10.144,-0.675,2.728,-0.036,0.243
5.250,-28.500,5.100,-0.371,-10.381,-0.290,2.064,-0.438,0.544
5.250,-28.500,5.100,-0.031,-9.167,0.845,0.631,-0.240,0.560
7.350,-29.850,12.750,-1.642,-9.481,2.557,1.258,-1.867,0.342
9.000,-30.900,17.850,-0.637,-8.442,4.942,1.661,-0.705,0.334
8.850,-31.050,27.300,-0.316,-8.308,5.677,2.870,-2.009,0.539
8.400,-27.450,34.350,0.905,-7.159,7.451,4.015,-3.687,-0.511
-4.350,-16.950,44.100,3.445,-4.580,8.679,1.730,-1.605,-0.898
-9.750,-9.750,47.250,3.826,-3.000,8.691,1.456,-1.916,-1.146
-17.400,-5.850,46.950,4.899,-0.905,7.130,2.604,-4.366,-1.359
-32.550,4.200,34.650,7.331,1.408,2.361,0.696,-4.366,-0.282
-36.450,6.150,23.100,8.238,0.062,2.818,-2.177,0.584,-0.303
-36.900,6.000,21.000,8.595,0.481,4.029,0.664,-3.924,-0.043
-36.750,6.150,5.100,9.096,1.341,-2.035,0.810,-4.366,0.323
-29.100,3.450,-13.350,9.201,2.574,-5.638,-0.735,-2.020,0.492
-22.950,2.100,-21.000,7.932,1.472,-6.936,-1.579,-1.840,0.906
-15.450,4.950,-25.200,6.455,0.110,-7.824,-1.046,-3.200,1.657
1.950,1.350,-34.350,4.228,0.481,-9.227,0.968,-4.366,1.584
23.700,0.150,-35.850,2.059,-0.390,-10.379,-0.603,-0.546,1.714
26.100,0.300,-36.750,1.233,-0.587,-9.673,0.652,-2.967,1.459
42.300,2.850,-30.600,-2.167,-0.953,-9.184,-0.149,-0.488,1.537
49.650,5.850,-27.450,-1.781,-0.541,-11.892,0.177,-1.824,1.381
53.850,6.600,-25.200,-3.704,-0.871,-9.503,0.607,-1.676,1.559
62.700,9.150,-16.200,-4.681,-1.039,-9.316,1.473,-2.233,1.288
70.200,10.050,-7.350,-6.443,-1.120,-8.282,0.969,-1.293,1.106
71.100,16.200,-1.650,-6.062,-1.034,-7.226,0.347,-1.184,0.847
71.250,17.550,3.300,-8.356,-1.022,-5.811,1.102,-1.729,0.630
72.600,20.100,13.950,-8.576,-1.671,-5.320,1.865,-1.261,0.797
73.350,24.000,19.500,-8.590,-1.535,-4.334,1.426,-1.042,0.270
72.300,25.200,21.750,-8.976,-1.453,-4.214,1.187,-1.238,0.278
70.350,26.700,26.250,-9.400,-0.745,-2.174,1.674,-2.847,-0.117
63.750,31.200,38.250,-10.410,-1.736,-0.328,1.404,-1.928,-0.394
58.950,31.500,44.850,-9.225,-1.472,1.848,2.195,-2.959,-0.770
51.300,34.950,49.350,-8.138,-0.555,3.472,1.676,-2.666,-0.982
41.700,37.500,55.800,-7.089,-0.761,6.847,0.896,-2.325,-0.918
35.100,39.600,58.950,-5.109,-0.860,8.006,0.826,-2.279,-1.358
29.850,40.200,61.350,-3.299,-0.903,8.636,-0.285,-0.827,-1.318
24.750,35.700,63.150,-4.554,-1.164,10.381,0.192,-1.585,-1.640
19.500,40.500,61.200,-1.089,-0.860,9.536,0.650,-2.207,-1.440
16.500,40.050,63.150,-0.443,-0.510,9.977,-1.007,-0.188,-1.853
15.750,36.450,60.900,-0.242,-1.267,10.046,-0.766,-0.107,-1.784
17.550,34.500,61.950,0.421,-1.056,9.972,0.364,-0.563,-1.287
18.000,33.750,61.950,1.214,-1.188,9.579,0.377,-0.143,-1.495
19.350,34.050,61.050,2.143,-1.130,9.237,-0.560,-1.634,-1.710
10.350,31.800,61.950,3.345,-0.338,9.663,-0.358,-2.075,-1.277
7.350,31.800,61.200,4.257,-0.378,9.175,-0.535,-1.996,-1.247
3.000,29.700,62.850,6.582,0.579,7.219,0.149,-3.109,-1.010
-13.650,32.400,54.750,8.631,1.504,3.381,-0.751,-1.795,-0.695
-15.750,27.150,53.100,8.236,0.845,4.772,-1.892,-0.116,-0.658
-15.750,27.150,53.100,9.823,1.283,3.689,-1.336,-1.111,-0.668
-22.200,24.000,49.650,8.928,0.687,3.285,-1.239,-1.415,-0.391
-25.050,20.700,44.250,9.210,0.960,2.502,-1.463,-0.620,-0.275
-30.750,18.300,38.250,10.503,0.883,-0.067,-1.399,-1.493,-0.357
-30.750,18.300,38.250,9.792,1.037,0.230,-1.413,-1.067,-0.106
-32.550,15.600,31.200,9.747,1.269,-0.919,-1.175,-1.710,-0.164
-34.800,13.200,22.350,9.347,0.709,-2.612,-1.648,-1.680,0.315
-33.900,11.850,11.700,9.677,1.654,-3.151,-1.226,-2.453,0.053
-33.600,13.800,4.200,8.535,1.736,-5.413,-1.152,-2.756,0.628
-27.300,11.700,-8.550,6.948,1.671,-6.778,-1.001,-2.772,1.054
-18.300,10.350,-19.500,5.816,2.186,-8.748,-0.777,-2.839,1.163
-4.800,9.750,-27.900,3.711,1.678,-9.371,-0.209,-2.405,1.448
-1.050,6.150,-29.400,1.975,1.618,-9.797,-0.712,-1.711,1.260
8.250,10.500,-31.950,0.584,1.628,-8.449,-0.971,-0.205,1.814
13.350,11.400,-32.850,1.662,1.204,-9.163,0.893,-2.226,1.868
23.100,6.600,-33.450,0.766,0.922,-10.946,0.727,-0.916,1.464
25.800,4.950,-33.150,-0.563,-0.029,-10.197,1.000,0.077,1.318
26.850,-0.300,-31.950,0.060,-0.721,-11.839,0.915,-0.186,1.822
32.700,-3.600,-29.850,0.441,-1.156,-8.899,0.936,-0.451,1.685
36.900,-2.850,-28.500,0.448,-0.800,-13.570,0.375,-0.535,1.582
42.300,-3.300,-28.500,-1.525,-2.473,-10.271,-0.012,-0.694,1.528
49.500,-0.150,-25.500,-2.648,-2.236,-9.203,0.793,-0.359,1.167
52.350,0.000,-23.100,-2.866,-2.442,-9.934,0.606,-0.354,1.255
57.900,4.500,-18.750,-3.191,-2.495,-10.254,0.693,-1.430,1.275
62.700,5.250,-14.700,-5.763,-3.033,-8.353,1.204,-2.368,1.302
66.900,4.800,-7.950,-6.493,-2.476,-7.140,0.694,-1.135,1.164
70.350,10.350,-0.900,-8.171,-3.261,-6.144,2.029,-2.749,0.652
72.300,13.500,17.700,-8.947,-4.235,-4.137,1.309,-0.992,0.657
71.550,14.550,20.250,-8.540,-3.208,-3.498,0.597,-1.272,0.352
70.350,16.200,24.750,-9.594,-2.931,-1.314,1.018,-1.385,-0.291
67.500,17.100,35.700,-9.335,-3.663,-1.482,0.776,-0.996,-0.331
64.050,18.000,40.200,-8.564,-2.670,0.893,0.812,-0.865,-0.360
64.050,18.000,40.200,-8.942,-3.261,0.864,1.101,-1.262,-0.478
59.100,19.500,45.000,-9.658,-2.873,3.067,0.968,-1.054,0.434
56.700,26.400,49.350,-8.954,-2.416,3.129,1.236,-0.347,0.168
56.700,26.400,49.350,-8.428,-2.016,3.218,0.869,-1.573,0.299
49.500,31.800,53.100,-8.140,-0.445,6.546,1.045,-2.143,0.158
37.650,38.550,58.200,-7.128,-0.850,7.827,0.949,-2.352,-0.602
29.100,40.200,59.550,-4.681,-0.711,7.046,0.361,-2.405,-1.504
25.800,39.000,61.350,-4.618,-1.358,8.952,-0.262,-0.707,-0.666
22.350,38.250,60.600,-3.587,-1.197,8.868,0.126,-0.325,-0.457
18.750,38.550,60.900,-3.685,-0.730,9.685,-0.074,-1.705,-0.798
16.500,37.350,61.650,-1.307,-0.199,10.479,-0.132,-1.134,-0.714
12.900,37.050,61.050,-0.500,-0.651,9.301,-0.481,-0.706,-0.933
11.100,34.200,61.200,-0.546,-1.422,9.357,-1.451,0.428,-1.091
14.400,28.050,62.850,-0.326,-2.648,9.366,-1.266,1.571,-1.474
19.650,23.400,62.550,-1.381,-3.677,9.395,-0.782,0.749,-1.427
22.950,20.400,61.950,-0.527,-3.824,9.160,-0.718,1.532,-1.575
28.350,11.250,59.550,-1.973,-4.451,8.492,-0.484,1.837,-1.452
32.550,10.050,57.300,-0.917,-4.745,8.327,-0.579,0.691,-1.313
33.600,6.750,57.150,-1.846,-5.136,7.860,-0.304,0.864,-1.337
35.550,2.250,54.000,-1.721,-5.600,7.980,-0.581,1.163,-0.982
38.100,-1.650,51.900,-1.884,-6.244,7.635,-0.651,1.020,-0.985
39.150,-4.800,48.900,-2.351,-6.948,6.800,-0.572,0.993,-0.712
39.750,-10.500,41.250,-1.733,-6.929,6.436,-0.993,1.987,-0.534
43.350,-11.400,36.300,-3.304,-7.034,4.307,-1.586,2.307,-0.539
46.050,-13.050,31.050,-3.421,-9.029,2.976,-1.667,2.999,-0.740
45.750,-18.900,9.450,-3.014,-8.701,1.369,-1.240,2.403,-0.256
42.600,-19.350,-0.900,-4.154,-9.091,-0.567,-0.804,2.263,0.043
42.600,-19.350,-0.900,-5.262,-9.833,-1.800,-0.228,1.741,0.329
37.650,-15.000,-10.200,-5.691,-9.790,-4.128,-0.347,1.675,1.125
35.400,-15.000,-14.700,-6.208,-9.440,-4.714,-0.687,1.750,1.560
35.550,-11.250,-16.350,-6.385,-7.266,-4.266,0.573,1.510,1.381
36.000,-11.700,-20.400,-2.502,-6.144,-5.289,0.533,0.960,1.346
34.650,-12.600,-19.800,-4.793,-5.341,-4.650,-0.535,1.266,1.083
33.300,-4.650,-26.700,-8.090,-5.811,-5.732,-3.466,2.052,1.745
32.250,10.950,-34.950,-7.072,-3.280,-6.742,-1.500,-0.774,2.362
36.750,14.850,-34.650,-8.684,-0.247,-7.065,-0.368,-0.998,2.252
42.450,25.800,-33.450,-8.219,0.965,-4.800,-4.366,0.890,1.845
43.050,43.950,-28.050,-7.082,5.262,-3.191,-2.015,-1.675,2.581
40.950,58.200,-18.600,-8.401,6.223,-3.757,-1.403,-2.001,2.973
36.900,64.350,-13.200,-6.062,7.446,-0.862,-0.836,-2.166,2.941
31.950,71.400,-4.650,-5.057,7.408,-0.373,-0.774,-1.636,1.014
27.300,73.050,1.800,-2.844,9.220,3.496,-0.582,-2.886,0.964
26.700,74.850,4.950,-2.772,8.059,4.391,-2.114,-2.188,0.404
25.200,76.500,15.450,-2.423,8.236,5.945,-1.817,-1.850,-0.014
24.300,75.450,25.950,-1.403,6.991,6.730,-1.202,-1.273,-0.175
22.650,75.450,30.150,-0.620,6.019,7.307,-1.257,-1.497,-0.492
20.550,69.750,39.300,0.467,4.764,8.114,-1.053,-1.488,-0.807
21.600,68.100,42.750,1.128,5.069,8.279,-1.288,-1.392,-0.685
20.250,67.800,45.600,1.803,3.742,9.610,-1.021,-0.946,-0.712
21.150,60.150,52.050,1.944,2.325,10.412,-0.812,-0.403,-1.019
20.850,59.400,54.300,2.251,3.000,9.287,-0.873,-0.622,-1.290
22.500,56.100,56.400,2.255,3.048,8.835,-0.436,-0.689,-1.482
24.000,56.100,56.400,1.867,3.141,8.633,-1.328,-0.502,-1.304
25.500,46.650,60.150,2.116,1.650,8.873,-1.475,-0.244,-1.164
24.450,42.750,61.650,2.162,1.161,9.680,-1.233,-0.147,-1.552
24.750,38.100,63.450,2.162,0.311,9.656,-1.241,-0.305,-1.659
26.550,26.100,65.100,2.274,-1.051,9.515,-2.498,-0.183,-1.247
26.250,8.700,63.900,2.916,-3.438,9.392,-3.554,0.189,-1.067
26.250,8.700,63.900,1.719,-4.985,4.800,-3.912,-1.555,-0.443
22.350,-15.150,52.500,3.012,-8.559,7.544,-3.168,2.876,-0.088
28.950,-27.150,34.350,2.207,-8.648,17.597,-3.722,1.720,1.921
36.600,-28.650,13.950,-1.410,-9.359,-0.443,-3.534,0.815,1.651
42.300,-25.500,7.500,-2.358,-9.349,-2.119,-1.245,1.290,0.816
42.300,-18.900,-1.950,-2.267,-9.723,-4.005,-1.000,1.264,0.736
42.300,-16.950,-5.400,-2.705,-8.985,-3.850,-0.287,1.003,0.647
42.600,-15.750,-11.700,-2.887,-8.576,-4.891,-0.230,1.062,0.519
41.700,-12.450,-12.900,-2.995,-9.002,-5.722,-0.333,0.859,0.505
39.450,-13.200,-15.900,-3.096,-8.286,-4.875,-0.073,0.896,0.506
40.200,-10.050,-17.400,-2.871,-8.375,-4.657,-0.336,0.989,0.372
37.650,-6.450,-20.250,-3.160,-7.518,-5.294,-0.427,0.592,0.602
36.900,-6.450,-22.500,-3.105,-7.688,-6.266,-0.551,0.476,0.643
35.850,-2.850,-24.000,-3.469,-6.716,-6.546,-0.341,0.036,0.954
36.000,0.000,-24.150,-3.110,-6.835,-5.734,0.069,1.005,0.594
34.500,0.300,-26.700,-3.160,-7.963,-6.000,1.690,1.270,-0.107
27.900,-7.200,-24.750,-2.016,-9.292,-5.748,2.249,2.316,0.168
20.550,-13.050,-21.750,-1.389,-8.799,-1.987,2.733,1.883,0.550
18.600,-20.250,-18.150,-1.664,-9.263,-0.692,3.601,1.344,-0.426
12.300,-29.550,1.950,-0.457,-9.278,0.953,3.745,2.199,-0.480
7.950,-31.650,10.800,-1.166,-9.285,7.254,0.382,0.992,-0.591
6.450,-30.450,16.350,-1.080,-8.480,2.902,2.302,1.224,-0.908
5.100,-31.050,21.000,-0.843,-8.171,4.736,2.314,1.076,-1.186
-1.050,-23.850,37.950,-0.242,-7.049,7.278,2.197,0.690,-0.762
-1.200,-20.400,43.650,-0.067,-5.258,8.461,2.142,0.301,-1.411
-4.650,-15.000,47.100,0.314,-4.554,8.612,1.335,0.352,-1.397
-8.100,0.150,55.200,0.577,-3.010,9.409,1.731,0.620,-1.411
-6.750,11.700,59.850,-0.002,-1.281,9.740,2.607,0.213,-1.305
-6.750,11.700,59.850,0.156,1.717,9.371,3.099,-0.594,-1.499
-7.650,36.150,58.200,0.972,4.003,9.644,0.718,-0.407,-1.643
-6.750,43.800,56.550,0.208,3.903,9.199,1.912,-0.233,-0.983
-3.600,53.400,46.650,-0.352,5.720,7.329,2.055,-0.397,-1.318
-1.500,59.850,45.450,-0.601,6.122,7.408,0.622,-0.947,-1.160
-0.450,62.700,41.100,-1.106,6.428,6.744,-0.105,-0.506,-0.892
0.450,62.400,43.650,-1.398,6.371,6.639,-1.910,-0.988,-1.133
2.250,57.900,51.300,-1.082,4.058,9.060,-2.238,-1.087,-1.580
1.950,56.550,51.900,-1.003,2.820,9.237,-0.987,-0.393,-1.612
6.750,52.050,56.550,-1.185,2.318,9.639,-1.240,-0.459,-1.765
10.950,47.700,62.850,-1.384,-0.124,10.417,-2.553,-0.121,-1.689
11.550,40.800,66.450,-1.101,-3.053,9.761,-2.553,0.409,-1.993
14.850,29.100,69.000,-0.989,-3.754,9.474,-1.270,0.771,-1.755
20.400,19.500,70.800,-1.020,-4.439,8.526,-0.805,1.088,-1.722
27.450,16.950,68.700,-1.128,-5.227,7.997,-0.728,0.943,-1.612
26.850,13.200,69.300,-1.171,-5.942,7.685,-0.841,0.912,-1.690
30.150,8.400,65.400,-1.142,-7.056,6.898,-0.129,0.898,-1.596
32.700,5.550,64.200,-1.199,-6.950,7.319,0.478,1.004,-1.447
34.500,4.950,63.600,-1.513,-6.809,7.333,0.303,1.270,-1.278
38.400,4.800,61.650,-1.077,-6.792,7.477,0.407,0.842,-1.390
39.750,5.850,60.300,-0.639,-5.607,7.999,1.678,0.290,-1.871
39.000,9.750,61.050,-0.783,-4.355,8.183,2.508,0.522,-1.654
39.750,14.850,59.250,-0.565,-2.569,9.388,1.722,0.806,-1.769
42.600,18.450,58.950,-1.080,-1.125,10.264,1.818,0.126,-1.652
44.100,20.850,58.200,-1.022,0.084,10.106,1.889,-0.437,-1.933
41.850,23.250,58.200,-0.764,1.652,9.471,1.274,-0.379,-1.713
39.150,25.200,58.200,-0.792,2.610,9.364,1.424,-0.617,-1.677
37.950,27.300,57.750,-0.757,4.113,8.538,1.916,-1.136,-1.868
38.100,30.300,60.150,-0.555,5.318,8.423,0.581,-1.204,-1.643
29.700,32.250,58.950,-0.266,5.904,8.272,0.777,-1.351,-1.486
26.100,36.000,60.600,-0.488,5.986,7.084,1.399,-0.735,-1.484
26.100,36.000,60.600,-0.816,6.292,6.682,0.054,-1.031,-1.388
24.600,37.500,58.800,-1.077,6.141,7.853,-1.217,-1.404,-1.407
18.000,29.850,61.650,-1.061,5.325,8.164,-0.760,-1.559,-2.203
9.600,25.950,62.700,-0.302,3.371,8.679,-1.811,-2.149,-1.934
9.600,25.950,62.700,-0.098,2.705,10.539,-2.155,-0.808,-1.853
0.300,13.950,62.100,-0.591,0.800,10.206,-1.072,0.082,-2.011
-0.750,13.950,62.550,-0.393,0.369,9.852,-0.666,0.252,-2.211
-0.150,13.050,61.200,-0.486,-1.180,10.096,-1.047,-0.043,-2.227
-3.000,12.000,62.100,-0.812,-1.662,10.120,-1.342,0.347,-1.917
-3.150,9.450,60.450,-0.910,-2.526,9.555,-1.071,0.424,-2.168
-2.400,8.700,60.900,-0.773,-4.039,8.892,-1.211,0.800,-2.228
-1.500,5.850,62.850,-0.742,-5.152,8.174,-0.905,0.748,-1.765
-3.300,5.850,63.300,-0.802,-5.638,7.985,-0.436,0.830,-1.798
0.750,6.150,64.050,-0.931,-5.964,7.906,0.073,1.213,-1.979
4.050,11.700,66.300,-0.804,-5.945,8.456,0.527,1.368,-1.958
9.750,16.350,68.100,-0.661,-5.385,8.674,0.824,1.033,-2.178
10.950,18.300,68.550,-0.642,-4.860,8.605,0.639,0.596,-2.247
14.850,24.750,68.250,-0.618,-4.254,8.950,0.787,0.893,-2.197
21.150,29.700,67.350,-0.783,-4.123,9.306,1.701,0.714,-2.246
24.300,32.400,65.550,-0.819,-1.829,9.785,2.682,0.312,-2.386
29.400,44.400,60.150,-0.601,-0.022,9.335,1.821,-0.566,-2.333
34.650,46.650,57.150,-0.788,0.522,9.685,1.034,-0.954,-2.175
37.200,49.200,54.750,-0.496,1.927,9.151,2.289,-0.443,-2.527
43.950,50.400,48.300,-0.895,3.486,8.657,0.804,-0.450,-2.166
48.000,47.550,48.150,-1.279,3.460,9.577,0.444,-0.856,-1.609
45.450,45.750,48.750,-1.329,4.384,8.880,1.901,-1.491,-1.797
44.850,47.100,48.900,-1.156,5.033,8.861,0.821,-2.163,-1.731
41.700,43.050,52.050,-0.754,5.804,8.128,-0.322,-1.672,-1.895
41.700,43.050,52.050,-0.733,5.464,7.999,0.605,-1.604,-1.767
38.850,38.550,55.950,-0.721,6.227,7.855,0.217,-1.665,-1.899
31.800,35.100,59.550,-0.654,5.279,7.724,-1.647,-1.174,-1.166
25.200,23.250,62.400,-0.488,3.771,9.005,-1.631,-1.598,-2.137
25.200,23.250,62.400,0.079,2.507,9.452,-0.782,-1.713,-2.257
12.150,13.200,64.050,0.342,1.767,9.816,-1.485,-0.700,-2.106
6.750,6.900,61.800,-0.019,0.754,9.747,-2.245,0.327,-2.182
3.300,0.000,58.800,0.043,-1.408,9.653,-1.764,-0.108,-2.239
1.650,-2.400,57.900,0.048,-2.593,9.610,-0.935,0.381,-1.892
-0.900,-3.600,56.700,-0.007,-2.849,9.392,-0.836,0.717,-1.808
-3.000,-4.200,55.800,-0.053,-3.673,9.175,-1.396,0.816,-2.198
-5.550,-6.900,54.300,-0.168,-5.148,8.626,-1.393,0.765,-2.005
-6.750,-6.600,54.000,-0.041,-5.945,7.671,-0.900,0.828,-1.654
-8.100,-8.400,53.400,-0.041,-6.251,7.587,-0.122,1.094,-1.627
-6.150,-4.500,56.400,-0.079,-6.395,7.671,0.256,1.106,-1.633
-6.600,-3.300,57.900,-0.101,-6.333,7.573,-0.448,1.004,-1.569
-5.100,-1.650,60.900,-0.175,-6.639,7.479,-0.040,1.146,-1.721
-3.600,2.850,62.700,-0.208,-6.249,7.724,0.643,1.242,-1.550
0.750,8.550,64.800,-0.491,-5.763,7.954,0.403,1.213,-1.611
1.800,10.500,66.600,-0.718,-5.531,8.377,1.262,1.111,-1.730
5.550,18.300,67.050,-0.778,-4.769,8.559,1.523,0.535,-1.370
12.150,27.750,67.800,-0.893,-3.812,9.256,0.307,0.519,-1.905
13.650,28.050,67.800,-0.946,-3.704,9.352,0.739,0.513,-1.843
20.100,34.800,65.550,-1.120,-2.686,9.373,1.508,0.335,-1.797
22.950,39.600,64.650,-1.389,-1.396,9.613,2.083,0.120,-1.902
26.250,42.750,60.450,-1.489,0.534,9.584,1.209,0.096,-1.711
34.050,50.100,57.750,-1.413,0.929,9.419,0.202,-0.299,-1.710
37.500,47.250,55.500,-1.214,1.166,9.510,1.033,-0.551,-1.596
37.500,47.250,55.500,-1.111,2.351,9.376,2.226,-0.733,-1.530
40.350,54.900,47.400,-0.879,4.259,8.416,1.328,-0.855,-1.494
42.450,54.300,47.250,-0.819,4.561,8.638,0.048,-0.853,-1.569
43.800,51.000,47.100,-0.962,4.185,8.753,0.879,-0.757,-1.334
44.400,51.150,46.950,-0.857,5.188,8.231,1.392,-0.732,-1.197
46.200,52.350,44.250,-0.960,6.258,7.377,0.561,-1.124,-1.177
44.400,48.900,46.200,-0.948,5.753,7.851,-0.258,-1.188,-1.298
44.400,45.750,49.050,-1.156,5.904,7.542,0.485,-0.884,-1.276
43.950,44.100,49.500,-1.219,6.452,7.068,0.502,-1.174,-1.195
41.850,42.750,50.400,-1.329,6.455,7.501,-0.068,-1.344,-1.101
38.400,40.050,54.450,-0.962,6.053,7.508,-0.594,-1.394,-1.107
35.850,34.950,57.900,-0.792,5.830,7.611,-1.086,-1.174,-1.258
31.800,30.900,59.850,-0.759,4.362,6.879,-1.496,-0.885,-1.327
29.100,20.700,61.350,-0.898,3.536,8.337,-1.783,-1.025,-1.495
25.350,10.950,63.600,-0.627,2.145,9.522,-1.208,-0.561,-1.555
20.550,8.700,62.400,-0.498,1.415,9.555,-0.673,-0.242,-1.528
17.550,4.800,61.650,-0.625,0.742,9.558,-1.062,-0.012,-1.673
14.100,-0.150,60.450,-0.613,-0.196,9.711,-1.104,-0.185,-1.559
13.950,-2.700,58.500,-0.620,-1.001,9.711,-0.793,0.002,-1.648
7.200,-5.850,57.300,-0.539,-2.023,9.795,-0.802,0.197,-1.577
6.000,-6.600,56.250,-0.460,-2.504,9.445,-0.775,0.344,-1.409
3.150,-7.500,55.650,-0.551,-3.359,9.352,-0.970,0.432,-1.419
0.750,-10.950,53.550,-0.527,-3.728,9.184,-0.553,0.510,-1.373
-0.900,-9.150,53.100,-0.350,-3.941,8.803,-0.047,0.485,-1.252
-0.900,-9.150,53.100,-0.383,-4.254,8.863,-0.415,0.438,-1.267
-3.750,-6.600,54.300,-0.330,-4.460,8.856,-0.209,0.548,-1.118
-5.100,-4.050,55.200,-0.414,-4.451,8.837,0.156,0.652,-1.057
-3.900,-2.400,57.450,-0.591,-4.264,8.921,0.156,0.594,-1.115
-3.900,-2.400,57.450,-0.529,-4.221,8.847,0.158,0.390,-1.105
-5.400,3.300,59.400,-0.680,-3.996,9.096,0.984,0.399,-1.093
-4.650,11.100,60.450,-0.692,-2.607,9.471,1.773,0.280,-1.198
-3.750,20.700,61.800,-0.505,-1.161,9.766,0.791,0.161,-1.299
-3.600,20.400,61.950,-0.678,-1.207,9.886,0.161,0.138,-0.854
-1.950,25.950,62.400,-0.792,-0.579,9.627,1.051,0.052,-1.023
-0.750,34.350,62.550,-0.618,0.397,9.603,1.280,-0.197,-1.085
0.750,42.150,60.600,-0.711,0.946,9.577,0.635,0.128,-1.038
2.550,43.050,59.550,-0.919,1.844,9.809,0.265,-0.052,-0.758
1.950,45.150,58.950,-1.030,1.935,9.182,0.738,-0.242,-0.850
4.800,52.050,55.050,-1.044,2.547,9.392,1.369,-0.543,-0.811
3.900,56.550,52.650,-0.584,4.975,8.102,0.632,-0.609,-1.082
6.450,60.600,49.050,-0.737,4.027,8.997,0.173,0.142,-0.636
10.050,63.900,48.150,-1.202,4.779,8.097,1.213,-0.033,-0.554
12.450,67.200,44.250,-1.458,5.267,8.320,0.517,-0.847,-0.885
12.300,67.800,40.800,-0.910,5.753,8.193,0.364,-1.448,-0.882
13.650,69.600,39.450,-0.551,5.813,8.073,0.330,-0.493,-0.782
14.850,71.400,37.350,-0.699,5.753,7.812,0.154,0.070,-0.697
18.000,70.500,35.850,-0.965,6.153,7.659,0.530,-0.465,-0.596
20.850,71.550,31.950,-0.962,6.493,7.400,0.231,-0.859,-0.665
21.000,71.400,31.350,-1.058,6.472,7.013,-0.398,-0.578,-0.672
21.000,71.400,32.550,-1.087,6.084,7.542,-0.424,-0.583,-0.853
24.450,69.750,37.800,-0.369,5.488,8.736,-1.428,-1.328,-0.691
27.300,59.850,50.250,-0.108,3.771,9.914,-4.006,-0.735,-1.184
27.300,59.850,50.250,-0.419,1.537,10.080,-0.320,0.131,-1.219
31.950,49.500,56.400,-0.551,1.018,9.558,-1.868,-0.166,-1.273
32.700,34.200,63.150,-0.632,-2.119,10.185,-3.988,-0.062,-1.265
32.700,34.200,63.150,-0.615,-4.908,8.938,-1.952,0.568,-1.421
36.450,12.000,61.350,-0.855,-4.573,8.349,0.062,0.765,-1.230
40.200,8.100,62.100,-0.898,-4.597,8.394,-0.365,0.808,-1.359
40.350,3.600,60.450,-0.852,-5.856,7.867,-0.829,0.524,-1.409
40.500,-1.050,58.050,-0.622,-6.541,7.568,-0.033,0.847,-1.264
41.700,-3.900,55.500,-0.543,-5.684,7.932,0.621,0.941,-1.360
41.850,-4.050,53.100,-0.397,-5.478,8.258,0.309,0.730,-1.525
40.350,-7.950,52.650,-0.503,-5.643,8.126,-0.212,0.790,-1.322
41.550,-8.400,51.150,-0.479,-5.248,8.241,0.715,0.643,-1.303
38.100,-9.450,53.100,-0.383,-4.391,8.875,1.320,0.491,-1.317
36.000,-7.350,53.550,-0.316,-3.385,9.167,1.536,0.600,-1.365
34.050,-3.450,56.550,-0.239,-2.191,9.594,1.472,0.249,-1.121
36.150,0.150,58.200,-0.292,-0.278,9.546,1.708,0.102,-1.314
32.250,5.400,58.800,-0.417,0.639,9.828,2.356,-0.305,-1.590
31.050,14.850,61.800,-0.663,3.074,9.108,2.533,-0.042,-1.588
30.300,21.000,62.100,-0.883,4.930,8.320,1.444,-0.515,-1.089
27.600,26.100,61.050,-0.445,4.432,9.325,-0.299,-1.151,-0.749
21.750,25.200,61.950,-0.378,5.073,8.341,1.119,-1.033,-1.003
20.400,27.750,62.100,-0.182,5.926,6.979,1.284,-0.599,-0.997
17.400,36.750,59.850,-0.373,6.766,6.960,0.878,-0.335,-0.726
18.000,40.050,59.700,-0.871,7.106,6.795,0.224,-0.408,-0.698
16.650,40.650,57.300,-0.989,7.415,6.129,0.199,-0.914,-0.818
15.300,42.000,58.950,-0.888,7.166,6.297,0.153,-1.140,-0.735
11.850,43.500,57.450,-0.898,7.527,6.242,0.266,-0.873,-0.651
11.850,43.500,57.450,-1.142,7.439,6.467,-0.344,-0.586,-0.786
9.000,44.100,55.800,-1.183,7.271,6.237,-0.044,-0.579,-0.842
9.300,44.400,55.650,-1.209,6.821,6.246,-1.122,-0.577,-0.978
9.000,37.950,59.550,-1.870,5.581,8.368,-2.060,-0.449,-1.114
9.000,37.950,59.550,-1.958,4.707,8.626,-1.481,-0.725,-1.141
5.100,26.400,62.400,-1.293,2.806,9.155,-2.308,-1.363,-1.321
0.750,18.300,61.350,-1.118,0.649,9.907,-2.387,-0.287,-0.608
-0.900,6.450,60.150,-1.013,-1.714,9.749,-2.565,0.389,-0.965
-2.550,1.950,59.550,-1.010,-3.460,9.349,-1.568,0.150,-0.918
-1.200,-5.250,57.150,-1.094,-4.525,8.629,-1.771,0.632,-0.869
-1.800,-11.250,54.300,-0.948,-5.660,7.918,-2.075,0.576,-0.889
-3.300,-16.350,48.300,-0.876,-6.857,6.807,-1.340,0.743,-0.804
-3.900,-17.700,47.400,-0.891,-7.396,6.270,-0.031,0.840,-0.622
-3.600,-17.700,49.650,-0.759,-7.812,6.053,-0.581,0.863,-0.725
-4.650,-17.400,49.650,-0.826,-8.219,5.844,-0.220,0.918,-0.655
-3.300,-18.300,47.700,-1.156,-8.092,5.772,0.164,0.937,-0.616
-2.700,-16.950,51.600,-1.245,-7.688,5.646,0.173,0.737,-0.616
-1.200,-15.750,53.700,-1.185,-7.961,5.669,0.038,0.818,-0.546
0.750,-13.650,54.300,-1.326,-7.757,5.820,0.179,0.828,-0.490
-0.300,-13.200,54.750,-1.386,-7.752,6.057,0.225,0.742,-0.608
1.650,-11.400,58.950,-1.073,-7.575,6.117,0.201,0.741,-0.784
4.800,-10.050,59.850,-0.958,-7.815,6.371,0.167,0.817,-0.653
5.100,-9.450,61.200,-0.747,-7.647,6.227,0.102,0.787,-0.736
6.600,-6.450,63.450,-0.546,-7.724,6.325,-0.085,0.651,-0.818
6.900,-6.000,63.150,-0.565,-7.987,6.045,-0.082,1.079,-0.764
8.400,-6.750,62.700,-0.879,-8.078,5.883,0.149,1.066,-0.551
12.600,-5.550,64.650,-1.319,-7.666,5.849,0.261,0.984,-0.586
16.200,-4.950,64.800,-1.614,-7.709,5.918,0.133,0.713,-0.754
16.200,-4.950,64.800,-1.779,-8.203,6.053,0.124,0.538,-0.774
18.900,-4.650,65.850,-2.274,-7.891,6.594,1.008,0.727,-0.589
20.100,4.200,66.300,-2.363,-7.101,7.803,2.699,0.132,-0.215
21.600,21.450,68.100,-1.635,-3.610,8.562,2.903,-0.503,-0.350
21.150,30.000,70.050,-1.185,-2.557,9.170,0.880,-0.213,-0.084
17.250,34.950,66.450,-0.759,-1.472,9.517,1.038,-0.025,0.323
16.950,42.600,65.550,-0.488,-0.223,9.644,1.250,-0.105,0.427
17.400,45.750,62.550,-0.371,0.316,10.063,0.982,-0.081,0.004
16.650,50.100,61.350,-0.414,1.312,9.785,1.102,-0.351,-0.491
16.200,56.250,55.800,-0.043,3.179,9.663,2.325,-0.237,-0.360
17.250,65.100,47.400,0.113,4.252,8.734,0.946,-0.290,-0.019
15.450,66.450,44.250,-0.024,4.721,8.775,-0.010,0.071,0.175
16.950,66.900,44.250,-0.299,4.901,8.212,0.189,0.260,0.300
16.050,67.050,44.100,-0.381,4.745,8.078,-0.211,0.364,0.036
17.250,65.550,44.400,-0.632,4.602,8.586,-0.606,0.705,-0.104
17.550,64.350,46.350,-0.965,4.022,8.950,-1.083,0.815,-0.237
21.750,60.750,49.650,-1.494,2.859,9.574,-0.534,0.518,0.386
23.400,57.900,51.000,-1.987,2.703,8.665,-1.691,0.319,0.943
22.350,56.700,55.050,-1.911,0.213,9.634,-3.339,0.294,1.486
16.500,36.150,66.450,-1.638,-1.609,9.491,-2.633,-0.764,1.720
11.700,28.950,67.800,-0.927,-4.231,9.155,-2.555,-0.903,1.686
9.450,22.950,69.300,-0.713,-6.294,8.200,-2.632,-1.232,1.931
3.600,4.800,64.650,-0.402,-6.464,7.446,-1.055,-1.580,1.686
-3.000,-5.400,59.850,0.017,-6.785,7.092,-0.556,-1.463,1.528
-5.550,-7.350,57.000,0.096,-7.192,6.464,-0.690,-1.369,1.165
-5.550,-9.300,55.800,0.259,-7.381,6.335,-0.239,-1.508,1.138
-8.100,-14.550,49.650,-0.074,-7.422,6.483,-0.157,-1.327,1.456
-6.600,-18.150,45.900,-0.079,-7.520,6.108,-0.336,-1.197,1.440
-6.600,-18.150,45.900,-0.285,-8.114,5.677,-0.789,-1.491,1.226
-4.800,-22.950,38.250,-0.503,-8.353,5.926,0.729,-1.359,1.150
-1.950,-20.400,41.850,-0.548,-7.468,7.185,2.024,-0.954,1.170
-1.950,-20.400,41.850,-0.383,-6.419,7.669,1.051,-0.638,1.153
-0.450,-18.150,47.400,-0.383,-5.818,7.898,0.618,-0.911,1.499
3.000,-17.100,48.300,-0.302,-4.697,8.509,1.630,-0.597,1.661
7.350,-11.400,53.100,-0.354,-3.582,9.084,2.537,0.268,1.485
15.150,-2.700,60.300,-0.979,-1.709,9.929,1.635,0.881,1.541
18.000,-0.150,59.700,-1.635,-0.503,9.704,0.040,0.968,1.686
24.450,0.900,60.450,-2.413,0.318,9.515,0.101,0.568,1.757
31.650,4.050,60.150,-2.665,0.606,9.270,-0.850,0.773,0.787
33.750,2.700,58.500,-2.950,-0.807,9.124,-1.744,1.178,0.445
40.500,-4.200,51.750,-3.790,-1.618,8.478,-1.999,1.142,0.483
46.050,-11.400,42.600,-5.389,-3.737,8.933,-1.507,0.597,0.117
47.400,-14.400,40.500,-4.422,-3.994,8.377,-1.423,-2.062,0.593
45.450,-16.350,42.450,-2.959,-5.411,8.701,-2.480,-1.946,0.301
39.450,-20.250,39.750,-2.950,-5.636,8.143,-1.025,-1.080,1.224
41.700,-19.950,37.500,-1.322,-6.349,7.151,-1.503,-0.993,1.937
44.850,-18.450,35.850,-2.952,-7.690,6.807,-2.172,-0.777,1.120
50.400,-18.000,32.400,-2.672,-7.228,7.101,-1.401,-0.927,1.382
52.350,-17.100,31.200,-2.911,-7.321,7.427,-1.516,-0.646,0.373
50.550,-19.350,30.300,-1.726,-9.725,3.297,-1.036,-1.184,0.720
53.400,-18.000,30.900,-2.365,-8.590,4.563,-0.833,-0.970,1.124
53.700,-15.750,32.550,-1.944,-9.201,5.234,-0.633,-0.785,0.975
53.700,-15.750,32.550,-2.124,-8.497,3.713,-0.254,-1.222,1.189
57.600,-11.700,33.900,-2.509,-7.281,3.926,-1.222,-0.164,-0.082
54.450,-17.700,31.800,-1.736,-8.588,4.436,-0.345,1.007,-2.161
47.250,-25.500,28.050,-0.443,-9.433,3.634,0.380,0.918,-1.687
44.100,-27.450,26.250,0.613,-9.778,3.905,0.101,1.188,-1.271
38.400,-31.050,23.550,0.146,-9.069,4.314,0.509,1.192,-1.072
34.050,-33.600,25.650,-0.723,-8.985,4.444,0.724,0.171,-0.300
32.400,-33.750,25.500,-0.871,-8.748,6.165,0.184,0.548,-0.386
31.650,-34.200,29.250,-0.850,-8.760,4.384,0.359,-0.687,0.536
32.250,-31.200,31.650,0.089,-7.939,5.851,0.497,-0.304,0.300
32.700,-28.650,34.800,0.036,-7.092,6.093,1.452,-0.264,0.513
35.250,-23.400,42.450,-0.227,-7.180,6.582,0.762,-0.605,0.732
33.300,-22.200,44.700,-0.417,-6.376,8.011,1.043,-0.238,0.655
35.550,-19.500,48.000,-0.101,-5.329,7.867,0.983,0.060,0.664
36.600,-12.300,48.900,-0.891,-4.839,8.392,0.124,-0.760,1.308
36.750,-10.050,51.300,-1.089,-4.389,8.622,0.463,-0.276,0.844
37.350,-6.750,53.100,-0.050,-4.604,9.074,0.135,-0.323,0.821
38.250,-5.400,54.000,-1.199,-4.559,8.475,-0.762,-0.297,0.826
38.700,-6.150,53.550,-1.726,-5.353,8.605,-0.618,-0.084,0.485
39.150,-7.950,51.600,-1.693,-5.669,7.903,-0.783,-0.538,0.798
37.650,-6.450,51.150,-1.116,-6.275,7.377,-1.195,-0.725,0.827
36.900,-8.400,49.650,-1.106,-7.216,7.851,-1.683,-0.746,0.904
35.400,-12.300,45.900,-1.568,-7.791,6.163,-0.465,-1.300,0.997
33.300,-11.700,48.300,-0.424,-7.870,6.500,-0.941,-1.877,0.662
33.300,-11.700,48.300,-0.898,-8.241,6.567,-0.202,-1.278,0.415
26.850,-11.250,51.000,-0.690,-8.023,6.215,-0.009,-1.392,0.455
21.600,-10.950,52.500,0.378,-8.121,6.208,-0.025,-1.593,0.591
18.600,-10.500,55.050,0.512,-8.382,5.849,0.001,-1.455,0.773
16.200,-10.050,54.750,0.577,-7.573,6.309,-0.033,-1.411,0.583
11.550,-11.100,54.900,0.838,-7.944,6.021,-0.102,-1.067,0.605
7.650,-11.100,54.150,1.075,-8.660,5.871,-0.301,-1.584,0.473
1.500,-10.950,52.500,1.410,-8.468,4.908,-0.891,-1.816,0.390
-0.750,-12.900,49.800,1.980,-9.160,4.300,-0.375,-2.007,0.068
-8.250,-15.600,45.000,3.148,-8.535,4.053,0.061,-1.971,-0.185
-16.950,-12.450,41.250,3.922,-8.636,4.846,-0.044,-2.970,-0.727
-26.100,-9.750,35.700,3.440,-8.598,3.072,0.387,-1.822,-0.920
-27.450,-7.950,33.300,5.456,-8.255,2.215,1.323,-1.133,-1.287
-34.650,-0.150,28.800,6.495,-7.228,2.691,-0.178,-1.674,-1.332
-37.950,5.850,24.450,7.183,-5.873,2.332,0.981,-0.480,-1.304
-38.100,12.600,22.500,8.669,-4.290,4.348,1.318,0.718,-1.765
-38.700,21.000,27.150,7.807,-3.512,1.700,0.511,-0.068,-1.126
-39.150,27.150,25.500,8.033,-3.182,4.571,0.819,0.317,-0.893
-37.200,30.900,26.700,9.292,-1.441,3.613,-0.002,0.366,-0.946
-34.650,40.050,26.550,8.595,-1.180,4.393,0.179,-0.593,-0.957
-34.050,42.150,24.900,9.165,0.366,3.263,-0.078,-0.607,-1.581
-33.000,45.000,25.650,9.629,1.276,2.454,-0.316,-0.419,-2.119
-21.900,59.850,21.900,8.432,3.302,2.658,-0.002,-0.176,-2.280
-11.850,67.800,18.300,7.853,5.157,2.720,0.694,0.120,-2.529
-5.400,69.000,17.250,6.409,6.632,0.874,-0.046,-0.334,-1.972
0.000,71.100,17.100,4.688,7.142,2.172,0.325,-0.523,-1.523
14.400,76.650,15.600,3.764,7.769,1.231,-0.066,-1.100,-2.143
24.000,74.850,17.250,1.690,9.742,1.468,-0.311,-0.701,-1.974
24.000,74.850,17.250,1.508,9.266,0.998,0.042,-1.648,-1.861
39.000,69.150,18.900,-0.474,9.663,0.591,0.064,-0.457,-2.602
49.800,61.200,23.550,-2.351,9.634,1.252,-2.572,0.088,-2.811
60.300,47.700,33.150,-3.536,8.179,2.128,-0.351,-1.627,-2.911
63.450,40.800,36.300,-4.451,7.286,3.249,-1.959,-1.632,-1.767
61.500,25.800,45.450,-5.638,4.506,6.941,-1.860,-1.980,-1.442
53.850,15.900,54.000,-5.069,2.746,10.065,-1.600,-0.503,-0.368
53.100,8.550,54.300,-4.168,4.219,5.191,-1.540,-0.992,-0.524
49.350,4.650,55.500,-6.103,0.627,9.850,-1.937,-0.923,-0.060
44.850,-4.500,55.650,-4.262,0.146,9.570,-1.376,-0.560,-0.250
42.450,-9.300,53.550,-3.053,-1.147,9.412,-0.966,0.245,0.290
41.850,-9.900,53.700,-4.990,-1.573,8.346,-1.202,-0.001,-0.344
41.550,-15.000,49.350,-3.876,-2.550,8.581,-1.344,-0.562,-0.092
40.350,-20.400,48.900,-2.923,-3.378,6.883,-1.395,-0.637,0.007
37.650,-25.500,43.350,-2.895,-5.092,8.566,-1.284,-0.552,0.012
36.150,-26.400,40.800,-2.119,-5.875,7.726,-1.118,-0.551,0.167
35.550,-29.700,37.500,-2.389,-6.560,7.733,-0.895,-0.545,0.141
35.400,-31.050,35.100,-1.211,-6.960,7.348,-1.265,-0.671,0.233
34.500,-31.950,32.700,-2.698,-7.898,6.460,-0.677,-0.400,0.573
35.400,-33.000,29.550,-1.999,-7.678,6.290,-0.806,-0.349,0.368
36.600,-33.450,28.050,-1.602,-7.635,5.763,-0.656,-0.551,0.160
34.500,-31.650,26.700,-2.753,-8.274,7.111,-0.706,-0.126,0.081
36.000,-32.850,24.900,-1.451,-8.147,4.894,-0.572,-0.563,0.231
36.150,-33.750,24.000,-1.221,-8.341,4.410,-0.605,-0.448,0.251
36.150,-33.750,24.000,-1.094,-8.720,4.398,-0.186,-0.480,0.381
37.200,-33.600,21.600,-1.293,-8.595,4.223,0.474,-0.376,0.173
38.400,-32.550,24.000,-1.978,-8.861,4.887,-0.162,-0.018,0.066
39.150,-31.050,27.750,-2.981,-8.552,4.559,0.810,-1.083,-0.200
36.900,-31.050,29.250,-1.379,-8.171,5.610,-0.104,-0.239,-0.056
36.750,-30.000,30.900,-1.034,-8.179,5.100,-0.408,0.022,0.202
37.200,-28.950,28.200,-1.542,-8.452,5.222,-0.120,0.077,0.231
38.700,-29.700,27.900,-1.360,-8.363,4.642,-0.169,0.145,0.235
39.150,-29.100,27.300,-1.468,-8.712,5.693,0.030,-0.188,0.196
39.450,-27.300,30.150,-1.199,-8.131,6.462,0.328,-0.772,0.582
42.600,-25.200,33.300,-1.793,-7.882,5.741,0.329,-0.597,0.488
41.700,-22.950,37.200,-0.764,-7.836,5.794,0.163,-0.362,0.245
41.700,-22.650,36.000,-1.537,-7.894,6.541,-0.068,-0.194,0.534
41.550,-23.250,36.600,-1.889,-7.245,6.618,-0.750,-0.407,0.271
40.050,-23.250,36.300,-0.912,-7.896,6.045,-0.319,-0.872,-0.117
39.750,-23.400,38.700,-0.472,-8.394,6.043,-0.233,-0.797,-0.049
35.550,-21.900,37.200,-0.769,-8.447,5.279,-0.228,-0.754,0.773
36.900,-22.050,38.100,-0.208,-8.231,5.488,-0.292,-0.738,0.864
36.750,-21.000,38.700,-0.036,-7.805,6.517,-0.239,-1.470,1.032
36.450,-19.050,40.500,-0.091,-8.310,5.667,-0.474,-1.621,1.217
35.550,-17.550,42.750,-0.340,-7.357,6.069,-0.649,-2.022,1.186
32.700,-17.700,45.600,-0.843,-8.021,6.223,-0.402,-1.906,1.051
30.750,-15.600,45.750,-1.075,-7.999,6.170,-0.360,-1.839,0.982
25.950,-12.600,49.350,-1.322,-7.963,5.895,-0.032,-1.827,1.057
23.700,-12.300,50.400,-1.415,-7.894,5.528,-0.874,-1.785,1.101
22.650,-12.900,48.750,-1.154,-8.389,5.418,0.121,-1.947,1.182
16.200,-13.200,53.550,-1.827,-8.198,6.457,0.631,-1.711,1.274
12.900,-8.550,55.800,-2.380,-7.525,6.670,-0.112,-1.605,1.159
12.900,-8.550,55.800,-1.997,-7.752,6.594,-0.968,-1.683,1.128
6.000,-14.400,51.750,-2.717,-7.870,5.794,-0.386,-1.465,1.097
5.250,-15.900,51.750,-2.301,-7.530,5.693,-0.024,-1.662,1.419
5.250,-15.900,51.750,-2.974,-6.625,5.155,-0.316,-1.784,2.178
5.250,-19.950,50.550,-4.503,-6.184,4.980,0.194,-1.675,3.835
15.450,-22.200,47.700,-4.779,-6.369,6.804,-1.789,-1.356,3.138
14.850,-25.500,43.650,-4.223,-5.286,6.627,-0.659,-1.490,1.209
15.150,-27.750,42.750,-4.401,-5.583,6.979,-1.046,-0.918,1.532
18.300,-28.350,40.050,-4.831,-5.092,7.230,-0.946,-0.794,1.487
24.600,-31.950,35.700,-5.042,-5.535,6.457,-1.147,-0.926,1.819
31.800,-31.950,32.700,-5.614,-5.502,6.172,-1.090,-0.443,1.828
36.900,-30.600,29.250,-6.697,-4.671,6.512,-0.872,-0.297,1.860
43.950,-27.300,27.900,-7.195,-3.970,5.756,-1.232,-0.155,1.816
52.950,-22.050,22.800,-7.491,-3.630,5.076,-1.098,-0.020,1.757
58.950,-15.750,20.550,-8.112,-2.885,5.401,-1.025,0.222,1.718
61.200,-11.850,18.300,-8.329,-2.030,4.096,-1.093,0.300,1.589
66.300,-4.950,14.400,-8.660,-1.362,3.972,-1.230,0.109,1.205
68.700,1.500,11.100,-9.045,-0.522,4.379,-1.105,0.206,1.213
70.050,2.400,10.950,-9.117,-0.302,3.175,-1.240,0.258,1.319
69.450,12.000,7.050,-9.124,0.508,3.503,-1.539,0.549,1.295
70.050,20.400,4.650,-9.443,1.264,2.840,-2.020,1.007,1.046
70.950,23.850,1.350,-9.467,1.338,2.119,-2.327,0.705,0.740
69.000,32.850,2.100,-9.215,1.013,2.397,-2.375,-0.097,0.195
68.250,33.150,2.550,-9.096,0.062,2.926,-1.964,0.028,0.046
67.950,35.100,4.800,-6.778,-0.230,2.667,-1.462,-2.062,0.177
66.750,35.100,15.900,-8.370,-0.012,4.314,-1.438,-1.142,-1.019
68.100,24.000,22.050,-8.260,-2.682,6.383,-2.496,-0.097,-2.258
68.100,24.000,22.050,-8.418,-4.056,5.186,-1.567,-1.297,-2.637
63.750,1.950,28.950,-7.599,-6.103,4.391,-0.779,-2.323,-1.349
41.850,-5.550,47.400,-3.637,-7.269,5.799,-0.709,-1.345,0.567
31.800,-4.950,53.250,-3.172,-7.257,6.074,-0.475,-1.406,0.693
29.550,-4.950,54.300,-2.607,-7.417,5.950,-0.459,-1.353,0.693
22.500,-7.500,55.650,-2.330,-7.477,6.050,-0.455,-1.138,0.669
18.750,-7.200,57.150,-2.461,-7.410,6.371,-0.485,-0.706,0.540
18.750,-7.200,57.150,-3.330,-7.551,6.297,-0.488,-0.859,0.701
13.650,-9.300,55.800,-1.908,-7.156,5.380,-0.491,-1.540,0.561
-0.300,-17.100,51.000,-2.059,-7.817,6.069,-0.522,-1.101,0.665
-2.400,-23.250,42.150,-1.875,-8.016,5.420,-0.352,-1.128,0.675
-2.400,-23.250,42.150,-2.169,-8.147,5.231,-0.256,-1.023,0.663
-2.550,-28.500,39.000,-1.571,-8.176,5.772,-0.248,-0.879,0.686
-1.650,-28.350,37.350,-1.618,-7.815,5.179,-0.422,-0.891,0.636
0.000,-34.350,27.150,-1.611,-8.456,5.437,-0.336,-1.046,0.673
7.650,-37.650,24.000,-1.918,-7.879,4.906,-0.291,-1.119,0.597
16.950,-37.500,21.600,-1.468,-8.502,5.679,-0.311,-1.171,0.821
30.150,-36.450,22.500,-2.547,-7.420,5.643,-0.155,-0.631,0.854
33.300,-34.800,21.900,-2.890,-7.743,5.480,-0.406,-1.029,0.853
34.800,-34.050,22.650,-2.734,-7.685,5.921,-0.248,-1.162,0.947
39.450,-30.000,24.150,-3.251,-7.348,5.650,-0.029,-0.683,1.171
43.650,-28.950,26.400,-3.273,-7.266,6.024,-0.173,-0.677,0.945
48.000,-25.200,28.800,-3.958,-7.298,5.672,0.024,-0.820,1.124
48.900,-22.950,28.950,-4.185,-6.828,5.679,-0.130,-0.233,1.389
53.400,-18.000,30.450,-4.547,-6.357,5.796,-0.267,-0.451,1.440
56.100,-11.250,32.400,-4.932,-5.938,5.964,-0.433,-0.533,1.361
58.950,-6.450,34.050,-5.507,-5.531,6.354,-0.507,-0.391,1.368
59.550,-4.200,33.450,-5.636,-5.167,5.995,-0.487,-0.450,1.254
59.700,-0.450,33.600,-6.081,-4.702,6.270,-0.655,-0.352,1.158
61.950,5.250,35.550,-6.316,-4.578,5.988,-0.669,-0.380,1.172
63.150,5.550,34.350,-6.651,-4.319,6.000,-0.728,-0.341,1.133
60.450,11.100,37.050,-6.946,-4.008,6.132,-0.712,-0.149,1.209
62.250,13.950,35.700,-7.171,-3.548,5.981,-0.812,-0.050,1.184
61.800,16.350,36.450,-7.482,-3.201,5.665,-0.850,-0.052,1.211
61.800,21.900,36.000,-7.664,-2.777,5.569,-0.638,-0.066,1.222
58.800,24.600,35.700,-7.966,-2.387,5.394,-0.916,0.207,1.135
59.550,26.550,37.950,-8.270,-1.793,5.370,-0.882,0.009,1.231
59.550,28.950,37.200,-8.346,-1.192,5.322,-0.916,0.204,1.262
57.450,33.450,37.800,-8.315,-1.025,4.762,-1.185,0.318,1.085
54.750,33.450,38.850,-8.650,-0.599,4.769,-1.399,0.357,0.989
54.000,34.200,40.050,-8.648,-0.567,4.695,-1.474,0.439,0.516
54.450,32.250,40.050,-8.839,-0.682,3.357,-1.812,0.686,0.295
58.650,26.700,37.350,-9.811,-1.221,2.526,-2.821,1.883,0.142
58.650,26.700,37.350,-9.579,-1.501,1.116,-2.428,1.108,-0.335
62.550,18.000,31.650,-9.948,-2.040,0.350,-1.824,0.254,-0.531
61.200,12.300,28.800,-9.196,-2.413,-0.505,-2.053,0.688,-0.777
61.050,5.850,26.400,-9.467,-2.875,-1.384,-1.538,-0.076,-0.767
60.150,2.850,25.800,-9.615,-3.275,-1.894,-1.737,0.367,-0.786
60.450,-2.400,21.000,-8.983,-3.778,-2.710,-1.869,0.670,-0.687
58.050,-6.600,15.150,-8.531,-3.924,-3.740,-1.656,0.289,-0.790
56.550,-10.050,8.850,-8.028,-3.522,-5.107,-2.022,1.015,-0.863
53.100,-10.050,2.850,-7.784,-3.522,-5.028,-1.093,-0.143,-0.897
50.400,-14.850,-0.300,-7.503,-3.718,-6.510,-1.433,0.208,-1.075
45.900,-15.150,-5.100,-6.680,-3.555,-6.958,-2.035,0.878,-1.185
42.900,-15.150,-10.050,-5.590,-2.931,-7.594,-1.996,1.349,-1.331
35.400,-12.300,-18.300,-8.820,-5.198,-11.712,-2.127,1.784,-1.308
24.300,-10.950,-26.700,-3.706,-1.975,-9.117,-0.469,0.112,-1.711
19.350,-6.900,-29.400,-3.081,-1.765,-9.871,-0.697,0.730,-1.508
15.900,-6.900,-27.450,-1.903,-0.965,-10.008,-0.788,0.918,-1.513
7.950,-4.650,-30.900,-1.358,-0.857,-10.197,-0.829,0.755,-1.456
3.000,0.000,-32.400,-0.735,-0.227,-9.833,-0.478,0.370,-1.225
1.950,-0.150,-32.850,-0.476,-0.043,-9.962,-0.504,0.694,-1.062
-4.500,4.200,-31.950,0.256,0.594,-10.410,-0.569,0.634,-0.970
-8.850,8.400,-29.850,0.211,0.366,-9.768,-0.069,0.302,-0.919
-9.750,10.950,-30.900,1.190,1.348,-9.773,-0.952,1.575,-0.949
-19.500,19.650,-24.750,2.049,1.891,-9.206,-0.093,0.111,-0.901
-16.950,21.900,-26.700,1.899,2.140,-9.680,-0.094,-0.042,-0.821
-16.950,21.900,-26.700,1.492,2.102,-9.548,0.093,0.116,-0.881
-18.600,25.350,-26.700,1.453,1.927,-9.749,0.452,0.234,-0.917
-16.950,25.350,-25.950,1.417,2.021,-9.562,0.193,0.240,-0.657
-19.050,25.950,-26.550,1.231,1.695,-10.044,0.173,0.112,-0.390
-19.050,25.950,-26.550,0.941,1.707,-9.773,0.407,-0.164,-0.518
-19.050,25.500,-26.250,0.608,1.671,-9.840,0.177,0.063,-0.400
-17.400,26.100,-26.400,0.543,1.815,-9.704,0.049,-0.009,-0.381
-17.250,26.700,-28.800,0.266,1.781,-10.259,0.104,-0.001,0.036
-18.150,26.550,-27.900,0.232,1.338,-10.429,0.062,0.055,0.484
-18.600,24.150,-28.200,0.450,1.568,-10.369,-0.458,0.157,0.721
-17.700,23.850,-27.900,0.189,1.166,-10.221,-0.512,-0.220,1.113
-19.800,21.300,-27.000,0.321,0.915,-9.950,-0.606,-0.200,1.490
-18.300,19.650,-28.800,0.812,0.953,-10.092,-0.435,-0.202,1.555
-16.050,16.200,-28.050,1.401,0.350,-9.527,-0.334,-0.055,2.152
-15.150,10.950,-28.200,2.313,0.869,-9.869,-0.104,0.189,1.926
-15.300,9.450,-26.550,2.282,0.512,-9.153,-0.613,0.185,1.827
-12.150,4.950,-27.450,1.882,0.570,-9.143,-0.488,-0.380,1.694
-9.450,4.950,-27.150,1.860,-0.532,-9.658,-0.609,-0.022,1.957
-8.700,3.450,-29.400,2.270,0.989,-11.732,-0.560,-0.349,2.048
1.500,3.900,-30.900,1.836,0.577,-9.852,-1.025,-0.359,2.341
4.650,4.500,-31.800,1.547,0.426,-10.274,-1.051,-0.376,2.387
10.050,7.200,-34.350,1.599,0.718,-9.500,-1.027,-0.497,2.272
11.250,10.500,-34.950,1.233,1.384,-10.065,-1.286,-0.616,2.464
17.550,22.500,-34.800,0.991,1.547,-10.252,-1.806,-0.836,2.244
19.650,27.300,-32.700,1.580,1.592,-9.479,-1.508,-1.085,2.386
21.450,30.600,-33.600,1.726,2.124,-9.246,-0.450,-0.822,2.475
22.650,38.700,-30.900,1.908,2.933,-9.759,-0.758,-0.771,2.186
20.850,46.050,-26.400,1.987,3.055,-9.938,-1.273,-0.905,1.914
20.850,46.050,-26.400,1.652,3.517,-9.112,-0.966,-0.956,2.173
16.500,54.150,-24.000,1.884,3.642,-9.213,-0.715,-0.787,2.113
14.850,56.550,-21.000,1.693,3.883,-8.815,-0.821,-0.769,1.793
9.600,58.800,-18.750,1.611,3.840,-8.722,-0.802,-1.040,1.978
7.200,59.850,-18.900,1.693,3.706,-9.117,-0.814,-1.137,1.949
2.400,60.750,-17.250,1.829,3.484,-9.261,-0.837,-1.002,1.867
-2.700,62.400,-13.950,1.707,3.522,-9.079,-0.632,-1.093,1.844
-5.850,61.500,-15.750,1.707,3.428,-9.208,-0.559,-1.013,1.884
-9.450,60.600,-13.650,1.760,3.558,-9.380,-0.628,-1.004,1.904
-13.350,56.850,-15.450,1.719,3.419,-9.570,-0.743,-1.057,1.873
-16.800,54.600,-14.250,1.705,3.338,-9.301,-0.860,-0.940,1.839
-22.200,51.000,-14.700,1.765,3.237,-9.292,-0.661,-0.983,1.912
-21.750,49.500,-15.450,1.853,3.349,-9.337,-0.633,-0.997,1.880
-25.050,43.050,-17.400,1.951,3.290,-9.438,-0.713,-0.940,1.858
-25.500,38.850,-18.000,1.966,3.134,-9.225,-0.740,-1.051,1.832
-25.350,36.000,-19.350,1.834,3.287,-9.342,-0.641,-0.938,1.812
-23.100,30.900,-22.350,1.896,3.163,-9.443,-0.655,-0.965,1.877
-21.600,28.050,-23.100,1.846,3.347,-9.318,-0.668,-0.914,1.802
-20.250,26.700,-25.500,1.800,3.421,-9.412,-0.697,-0.935,1.739
-14.100,21.300,-28.050,1.767,3.450,-9.294,-0.687,-0.914,1.739
-11.850,20.400,-29.250,1.686,3.412,-9.349,-0.621,-0.953,1.811
-10.050,17.700,-31.050,1.664,3.323,-9.541,-0.668,-0.883,1.750
-1.950,18.450,-32.850,1.810,3.280,-9.151,-0.612,-0.880,1.759
1.500,19.500,-33.450,1.836,3.419,-9.529,-0.594,-0.869,1.754
1.500,19.500,-33.450,1.867,3.357,-9.397,-0.722,-0.908,1.678
6.150,20.100,-33.300,1.990,3.364,-9.371,-0.643,-0.833,1.682
11.850,26.400,-32.100,2.186,3.558,-9.117,-0.565,-0.766,1.624
13.950,27.000,-33.450,2.497,3.275,-8.971,-0.394,-0.668,1.460
13.950,27.000,-33.450,2.100,3.699,-9.359,-0.554,-0.646,1.555
18.000,31.500,-30.600,2.109,3.613,-9.127,-0.597,-0.787,1.536
17.550,34.500,-30.600,2.368,3.481,-8.926,-0.684,-0.888,1.511
19.050,37.650,-29.250,2.528,3.397,-8.859,-0.408,-0.832,1.434
18.900,40.200,-29.400,2.514,3.103,-8.911,-0.080,-1.030,1.475
22.350,39.900,-28.650,1.844,2.971,-9.661,0.472,-1.632,1.623
23.850,40.950,-29.700,0.555,1.970,-9.333,0.714,-1.742,1.465
27.900,39.300,-29.250,0.261,1.743,-9.431,0.439,-0.856,1.644
28.350,40.200,-30.450,-0.759,0.445,-9.606,1.351,-1.399,1.414
33.750,34.350,-31.650,-2.500,-1.614,-10.015,2.502,-2.201,1.443
38.700,25.350,-31.950,-2.909,-2.550,-9.100,2.282,-1.129,1.155
43.950,22.200,-31.650,-4.424,-4.211,-8.246,2.653,-0.930,1.159
48.000,11.400,-30.300,-5.681,-6.977,-6.120,3.433,-1.183,0.563
53.100,0.750,-20.850,-6.294,-7.132,-4.599,3.054,-0.811,0.324
54.750,-7.200,-13.950,-6.567,-7.494,-2.844,2.123,0.066,0.074
55.800,-9.300,-9.600,-5.495,-8.179,0.218,2.214,0.163,-0.485
54.000,-17.400,-4.650,-6.048,-8.636,0.749,2.219,-0.096,-0.524
52.950,-22.050,3.450,-4.978,-8.557,2.004,2.368,-0.294,-0.825
51.750,-25.200,9.750,-4.245,-7.817,4.070,1.814,0.293,-0.896
45.300,-29.100,19.800,-4.164,-7.623,5.370,1.568,0.458,-1.057
42.600,-29.850,24.000,-3.115,-7.264,6.045,1.246,0.156,-1.302
40.200,-31.200,25.650,-2.851,-6.910,6.527,0.934,0.473,-1.240
32.700,-33.450,32.100,-2.440,-6.359,6.809,0.602,0.744,-1.282
27.600,-35.550,32.400,-1.958,-6.352,7.336,0.271,0.635,-1.212
27.600,-35.550,32.400,-0.864,-5.626,7.384,0.419,0.869,0.754
32.400,-31.050,34.050,-6.206,-7.482,6.412,-0.306,2.029,0.553
28.650,-33.450,36.600,-2.370,-6.644,8.145,3.293,-4.080,-1.442
28.650,-33.450,36.600,-2.421,-5.868,9.668,0.011,0.125,-1.878
17.250,-31.800,44.100,-0.678,-4.549,8.315,0.261,0.096,-1.381
9.750,-29.250,43.200,-0.656,-4.786,9.349,0.123,0.390,-1.349
5.100,-26.700,48.150,0.242,-4.130,8.255,0.021,0.780,-0.914
1.950,-26.400,46.650,-0.050,-4.590,8.827,-0.009,0.404,-1.226
0.450,-26.700,45.150,0.101,-4.597,8.926,0.256,0.647,-1.312
