-16.200,-35.550,4.500,0.077,4.601,9.049
-14.250,-38.400,4.800,-0.383,4.448,8.819
-11.100,-38.700,5.850,-0.307,4.678,8.512
-8.850,-40.950,6.600,-0.307,4.985,7.669
-5.100,-44.100,10.050,0.920,5.138,8.896
-1.200,-45.750,10.950,0.230,4.755,8.436
2.400,-46.200,11.250,-0.077,4.678,8.052
5.100,-47.550,14.100,-0.460,5.445,8.512
7.650,-47.400,14.400,-0.460,5.445,7.439
10.350,-46.350,13.800,-0.230,5.445,7.362
12.600,-45.300,14.700,0.000,6.212,7.899
15.300,-43.950,13.650,-0.767,6.212,7.209
18.750,-42.900,13.200,-0.077,5.982,7.132
19.650,-40.350,12.750,-0.230,6.135,6.902
21.750,-39.300,11.700,-0.153,5.828,7.745
22.800,-37.050,10.350,-0.077,5.828,7.592
22.800,-35.100,9.000,-0.307,5.905,7.285
24.750,-33.900,7.950,-0.153,6.135,7.439
24.150,-31.800,6.600,-0.537,6.442,6.825
23.700,-29.100,5.250,-0.307,6.135,7.285
23.400,-27.150,4.200,-0.460,6.135,7.209
22.950,-25.650,2.850,-0.307,6.212,7.669
21.450,-23.100,1.650,-0.383,6.212,7.285
19.500,-21.750,-0.600,-0.460,6.212,7.209
17.100,-20.550,-1.950,-0.383,6.212,7.209
15.150,-19.800,-2.100,-0.460,6.365,7.209
13.050,-18.600,-3.150,-0.537,6.288,6.979
10.500,-16.350,-3.600,-0.537,6.365,6.902
8.550,-17.400,-3.900,-0.537,6.595,6.979
5.400,-17.400,-3.900,-0.537,6.365,6.135
1.350,-19.050,-4.050,-0.230,6.825,7.745
-2.400,-21.000,-3.150,-0.307,6.902,6.212
-6.900,-25.050,-0.750,0.000,7.669,7.209
-8.850,-27.900,1.800,-0.153,7.822,5.368
-11.850,-28.200,2.550,-0.230,7.745,5.215
-13.200,-29.250,4.200,-0.077,7.899,5.368
-14.700,-29.850,4.350,-0.307,7.745,5.752
-16.350,-30.750,5.550,-0.307,7.745,5.752
-18.450,-32.250,6.750,-0.460,7.592,5.982
-19.050,-33.750,7.950,-0.307,7.515,5.982
-20.550,-35.100,11.250,0.153,7.745,6.979
-20.400,-39.150,14.100,-0.077,7.822,6.212
-20.700,-40.200,15.900,-0.153,7.515,5.905
-19.650,-42.300,19.200,0.153,7.822,5.598
-18.000,-45.000,20.850,0.460,7.822,5.828
-15.450,-46.500,24.150,0.230,7.362,5.905
-13.950,-48.300,23.700,-0.153,7.285,6.212
-10.650,-49.050,24.600,-0.230,7.439,6.518
-7.500,-50.400,25.650,-0.460,7.362,6.365
-4.200,-51.600,25.350,-0.460,7.209,6.595
-0.750,-51.900,27.150,-0.383,7.132,6.212
3.000,-51.150,27.000,-0.230,7.439,6.288
5.850,-50.100,26.400,-0.230,7.592,6.135
9.000,-51.600,26.850,-0.537,7.515,5.982
11.850,-51.150,25.650,-0.844,7.285,5.905
14.250,-48.750,25.800,-0.614,7.362,5.982
17.400,-48.450,24.450,-0.307,7.669,5.905
19.050,-47.400,23.700,-0.460,7.515,6.135
21.750,-45.750,21.900,-0.460,7.362,5.905
24.000,-43.650,20.700,-0.537,7.515,6.212
24.000,-41.550,17.100,-0.307,7.132,6.672
26.400,-37.950,13.500,-0.614,6.749,6.902
27.750,-34.500,10.050,-0.844,6.365,7.745
27.450,-29.100,5.700,-0.920,5.445,7.899
27.450,-22.650,3.150,-1.227,4.525,8.512
28.950,-18.900,0.600,-1.380,3.758,8.589
28.350,-14.400,-0.450,-1.074,3.604,9.126
27.600,-10.050,-2.250,-1.227,3.374,8.589
25.200,-6.600,-2.850,-1.380,3.068,8.972
23.550,-4.050,-3.900,-0.997,2.991,9.586
22.350,-0.300,-5.400,-0.767,2.607,9.356
19.950,3.600,-5.700,-0.537,2.147,9.126
18.000,5.100,-6.150,-1.150,2.301,9.279
15.300,6.000,-6.000,-0.844,2.071,8.972
12.600,8.100,-5.850,-0.767,1.917,9.356
9.750,7.050,-6.750,-0.690,2.224,9.663
6.150,8.400,-7.050,-0.920,2.071,9.739
2.250,8.400,-7.200,-0.997,1.764,9.203
-0.450,8.400,-6.900,-0.844,2.147,9.049
-3.300,7.500,-7.500,-0.383,2.377,9.586
-6.750,6.450,-7.800,-0.077,2.147,9.279
-9.300,4.650,-7.650,0.000,1.687,9.816
-12.000,2.250,-6.450,-0.614,1.610,9.739
-14.400,-1.350,-7.200,-0.460,1.304,9.739
-15.900,-3.600,-7.200,-0.614,1.534,9.739
-18.450,-7.200,-6.150,-0.844,1.534,9.816
-19.350,-10.500,-5.250,-0.997,1.687,9.586
-19.200,-15.300,-4.950,-0.844,2.147,9.739
-19.050,-18.750,-4.350,-0.230,2.454,9.509
-18.900,-23.250,-2.700,-0.383,2.454,9.663
-13.650,-28.950,-0.900,-0.844,2.837,9.509
-10.650,-31.800,-0.600,-0.307,2.837,9.203
-8.250,-33.300,-0.300,-0.460,2.991,9.126
-6.000,-34.350,0.300,-0.383,2.761,9.356
-2.250,-36.150,-0.150,-0.460,2.684,9.663
0.300,-36.150,0.900,-0.537,2.914,9.356
3.150,-36.300,1.200,-0.690,2.914,9.203
6.300,-36.900,1.650,-0.614,2.991,9.126
9.150,-36.600,1.350,-0.460,2.991,9.509
11.850,-36.150,1.650,-0.997,2.761,9.356
13.950,-34.950,2.100,-0.767,3.068,9.049
17.250,-35.400,2.700,-0.614,3.374,8.742
18.900,-32.400,2.400,-0.460,3.298,9.049
20.400,-30.900,1.650,-0.690,3.068,9.509
22.500,-28.950,1.650,-0.460,3.374,8.896
24.600,-26.700,1.650,-0.383,3.528,8.972
26.250,-24.900,0.600,-0.307,3.604,9.203
26.700,-21.300,0.900,-0.307,3.451,8.896
27.000,-19.500,-0.150,-0.383,3.298,9.049
27.600,-16.050,-0.600,-0.383,3.068,9.356
25.650,-12.000,-2.250,-0.920,2.837,9.356
25.350,-8.400,-3.600,-0.844,2.761,9.433
24.600,-4.500,-5.250,-0.844,2.454,8.742
21.450,-2.700,-4.800,-0.767,2.224,9.663
20.100,-0.600,-5.700,-0.383,2.147,9.893
18.450,2.400,-6.300,-0.767,2.377,9.739
14.100,3.750,-7.200,-1.150,2.301,9.203
11.100,4.800,-6.900,-0.997,2.531,9.279
8.850,4.650,-7.200,-0.920,2.607,9.126
5.100,5.850,-7.500,-0.690,2.377,9.356
2.100,4.650,-7.200,-0.844,2.607,9.279
-1.350,4.800,-8.100,-0.767,2.761,9.279
-3.150,3.600,-8.400,-0.690,2.914,9.203
-6.450,0.900,-7.500,-0.460,2.837,9.279
-10.050,-0.450,-7.350,-0.614,2.761,9.203
-10.950,-3.150,-6.600,-0.844,2.761,9.126
-13.500,-5.400,-6.750,-0.614,2.684,9.203
-15.450,-8.400,-6.900,-0.614,2.914,9.203
-16.950,-11.250,-6.750,-0.767,2.761,9.356
-17.100,-13.500,-6.000,-0.997,2.454,9.433
-17.250,-16.200,-5.100,-0.844,2.837,9.126
-17.850,-18.150,-4.500,-0.920,2.991,9.126
-16.350,-21.600,-4.050,-0.997,2.761,9.126
-16.800,-24.750,-2.250,-0.767,2.684,9.279
-15.750,-27.300,-1.350,-0.614,2.607,8.972
-13.800,-28.950,-2.250,-0.460,3.528,8.742
-10.650,-28.950,-2.250,-1.074,2.454,9.816
-8.550,-28.200,-4.050,0.153,1.917,8.512
-5.250,-27.000,-4.650,-0.230,0.537,9.663
-2.550,-27.300,-5.250,-0.077,0.460,9.816
1.050,-24.600,-7.050,-0.077,0.230,9.586
3.600,-24.150,-8.100,-0.077,-0.383,8.666
5.400,-21.450,-8.250,-0.920,-0.844,9.356
7.950,-20.700,-9.150,-0.614,-0.383,9.816
9.300,-18.900,-8.550,-0.077,-0.307,10.046
12.000,-16.350,-9.300,0.307,-0.307,10.276
13.950,-14.100,-9.300,0.460,-0.077,9.663
15.900,-13.800,-8.850,0.537,0.230,9.969
18.450,-14.250,-7.950,0.997,0.614,10.583
21.750,-18.150,-5.550,-0.537,0.844,8.129
22.050,-24.450,-3.150,-0.153,2.837,12.193
21.300,-27.000,-1.050,0.077,3.068,9.049
21.000,-28.650,1.650,0.614,4.295,8.896
24.600,-30.900,4.950,-0.077,4.755,8.896
28.650,-32.100,7.950,-0.920,5.061,8.129
32.850,-31.200,12.150,-1.534,6.365,5.752
36.600,-30.900,15.000,-2.071,5.828,6.058
34.350,-33.000,17.700,-2.914,7.899,6.672
31.800,-34.200,17.250,-2.761,8.129,5.215
31.200,-34.500,17.550,-1.994,7.899,3.681
30.600,-34.650,16.800,-1.534,9.433,4.678
30.300,-34.050,16.350,-2.377,8.589,3.604
28.950,-33.300,15.450,-2.837,8.666,3.374
29.250,-33.000,15.150,-2.837,9.203,3.374
28.500,-33.750,13.800,-3.758,8.896,3.144
27.450,-33.150,13.500,-3.988,8.129,2.531
27.450,-32.850,12.600,-4.295,7.822,2.991
27.150,-33.450,12.600,-5.061,8.129,1.994
28.050,-34.350,15.000,-4.985,7.745,2.071
30.750,-35.100,17.850,-5.215,7.515,0.844
33.000,-36.600,20.700,-5.828,6.979,-0.307
33.450,-38.100,22.050,-6.288,6.749,-0.537
32.100,-40.200,24.300,-6.518,6.825,-0.537
30.750,-41.250,26.400,-6.595,6.595,-0.920
28.650,-43.500,28.650,-6.212,6.595,-0.460
29.100,-45.750,32.850,-6.442,6.825,-1.994
27.000,-47.250,35.400,-5.982,6.825,-2.684
25.500,-48.000,37.500,-5.445,6.825,-3.758
21.000,-48.600,39.000,-5.982,6.825,-3.221
19.650,-49.950,41.850,-6.135,6.672,-3.451
18.300,-51.300,44.700,-5.675,6.825,-3.221
16.950,-50.550,45.600,-5.522,7.055,-3.758
16.800,-51.000,49.200,-5.138,7.055,-4.295
14.400,-50.100,51.750,-5.291,6.825,-4.218
13.200,-50.100,55.200,-5.138,6.442,-4.525
11.700,-48.600,58.350,-5.982,6.749,-4.601
12.000,-48.300,60.900,-5.905,6.595,-4.295
12.600,-46.800,62.700,-5.368,6.672,-4.064
12.450,-44.550,64.650,-5.138,7.055,-4.371
13.800,-44.700,66.750,-5.215,6.979,-4.371
14.400,-43.050,68.250,-5.291,6.902,-4.064
16.050,-41.550,69.300,-5.368,6.979,-3.988
15.150,-39.600,72.300,-5.138,6.979,-3.911
16.050,-38.100,73.800,-5.061,7.132,-3.988
15.750,-36.450,75.300,-4.985,7.209,-4.985
14.850,-34.650,75.600,-4.601,7.439,-3.911
14.100,-34.800,75.450,-4.141,7.209,-5.368
14.250,-34.500,75.450,-4.218,8.282,-4.141
15.150,-34.800,74.550,-3.681,7.745,-4.371
18.450,-34.200,73.350,-3.604,8.512,-4.141
22.350,-33.750,73.500,-2.837,8.052,-4.141
25.350,-32.400,72.750,-3.911,8.359,-4.218
32.250,-30.600,67.800,-3.834,8.589,-3.451
39.600,-30.900,61.800,-3.681,7.899,-2.071
43.650,-31.500,52.800,-4.755,7.592,-1.687
45.150,-30.300,45.750,-4.831,8.206,-0.920
45.450,-30.600,37.500,-5.291,8.282,-0.537
43.350,-30.750,29.700,-5.598,9.279,1.457
42.750,-29.550,22.950,-4.908,7.592,1.227
38.550,-28.950,16.800,-3.758,8.129,2.224
31.200,-30.000,10.350,-3.528,8.282,2.914
23.550,-31.350,6.000,-3.221,8.282,4.985
17.250,-28.800,2.700,-2.684,7.822,3.988
11.100,-28.950,1.200,-1.994,8.282,5.368
1.650,-29.700,0.900,-1.457,8.052,5.061
-4.800,-31.350,3.150,-0.614,8.206,5.215
-10.350,-32.550,4.950,-0.614,7.592,5.752
-14.850,-33.150,6.900,-0.383,8.052,5.215
-19.050,-34.800,9.600,0.153,7.209,5.522
-21.900,-37.650,13.350,0.000,6.825,6.749
-23.850,-39.150,17.250,0.307,7.209,4.908
-24.000,-41.700,20.850,1.227,6.672,6.979
-25.800,-42.450,23.550,1.380,7.132,6.518
-26.400,-43.200,25.500,0.920,6.518,6.058
-23.700,-44.550,27.000,2.607,6.518,6.595
-21.900,-46.800,29.400,3.298,6.902,6.672
-18.750,-47.700,29.100,2.991,7.132,5.828
-14.100,-49.200,29.250,2.991,7.362,5.828
-9.600,-49.650,26.400,3.451,6.902,4.831
-5.250,-50.400,25.050,3.298,6.518,6.135
-2.400,-50.550,23.400,3.988,6.595,5.905
-0.750,-50.550,21.600,3.604,6.749,6.135
1.800,-49.800,19.650,4.371,6.518,5.982
1.500,-48.300,17.400,3.604,6.672,5.675
1.800,-47.400,15.150,4.601,7.055,4.601
-0.600,-46.350,13.500,4.371,6.902,4.908
-2.100,-43.800,12.300,4.908,6.902,4.755
-4.050,-42.300,10.050,5.291,6.749,4.064
-7.650,-40.050,8.400,5.675,6.979,4.601
-10.950,-37.050,7.800,5.905,6.979,3.911
-16.200,-34.500,7.950,6.518,5.982,2.837
-20.850,-33.000,9.600,6.595,5.752,3.068
-26.700,-28.800,13.050,7.515,5.675,2.607
-32.400,-25.350,15.300,7.822,5.138,2.531
-36.750,-22.200,18.450,8.052,5.061,1.380
-40.800,-19.650,22.350,7.592,5.522,1.380
-43.350,-16.800,26.100,8.282,5.445,0.460
-45.750,-14.400,29.550,8.359,4.678,0.000
-47.100,-10.650,32.700,7.899,4.985,0.077
-47.550,-9.750,36.300,8.436,5.061,0.153
-48.000,-9.450,38.850,8.512,5.138,-0.230
-48.450,-8.550,42.150,8.206,4.755,-0.997
-48.900,-9.150,45.600,8.282,4.831,-0.997
-49.500,-9.150,48.600,8.206,4.755,-0.690
-48.300,-9.150,51.450,8.436,5.061,-0.614
-47.100,-9.900,55.950,8.666,5.138,-0.767
-46.350,-11.100,58.650,8.206,4.908,-0.844
-44.250,-11.850,62.100,8.282,5.215,-1.074
-42.300,-14.250,64.800,7.822,5.445,-1.304
-40.350,-17.400,64.800,7.669,5.675,-1.841
-35.100,-23.850,67.200,7.515,6.365,-1.994
-30.000,-29.550,67.050,7.822,6.518,-1.457
-23.850,-34.200,68.400,6.595,8.359,-1.380
-18.000,-38.250,67.200,5.905,7.592,-1.534
-12.000,-41.100,67.050,4.678,8.052,-1.534
-4.500,-43.050,67.350,4.141,8.896,-1.380
3.300,-44.550,66.600,4.141,8.972,-1.841
8.850,-45.000,64.650,2.301,9.356,-1.380
15.600,-46.050,64.200,1.457,8.742,-1.687
22.650,-44.250,63.600,0.920,10.123,-2.071
28.050,-43.350,61.650,0.307,9.739,-2.531
32.250,-40.950,62.100,-0.077,9.203,-2.914
36.900,-39.000,61.050,-0.690,9.356,-3.144
40.950,-38.400,59.400,-0.690,9.049,-3.068
44.100,-36.900,55.050,-2.071,9.356,-2.914
48.450,-33.750,52.500,-2.761,8.972,-2.684
51.000,-31.500,49.050,-3.298,8.359,-2.837
51.900,-30.000,45.900,-3.834,9.126,-2.377
53.400,-29.400,43.350,-4.908,7.592,-3.681
53.700,-27.900,41.550,-5.061,7.745,-3.298
55.350,-25.200,39.900,-5.061,6.825,-2.914
56.850,-21.150,36.000,-5.445,5.982,-3.068
56.100,-21.000,33.600,-6.672,6.058,-2.377
55.800,-19.650,30.900,-6.672,6.058,-1.917
55.650,-18.450,30.000,-7.132,5.445,-1.841
53.700,-19.800,27.300,-8.206,5.828,-1.227
52.800,-18.900,27.450,-7.976,5.522,-1.380
52.200,-20.700,26.250,-8.896,4.218,-0.230
51.150,-20.250,27.300,-8.129,3.834,-0.077
50.850,-20.250,27.450,-8.742,3.298,-0.153
51.000,-20.400,28.650,-9.126,2.837,-0.383
52.350,-20.550,30.600,-9.663,2.761,0.307
52.950,-19.050,31.800,-10.430,2.224,0.383
54.450,-16.500,33.750,-9.969,1.380,0.153
56.100,-14.550,37.800,-9.509,0.537,0.383
57.150,-11.700,40.800,-9.739,-0.460,-0.077
59.100,-7.650,45.300,-9.279,-0.537,0.077
58.800,-5.550,47.400,-8.972,-2.531,-0.307
60.600,-1.200,50.850,-9.356,-2.837,-0.460
60.600,2.400,54.300,-9.739,-1.687,0.460
60.450,9.750,56.400,-8.206,-3.988,0.153
59.100,15.000,58.800,-8.282,-4.678,-1.150
56.400,20.250,62.100,-8.819,-4.678,0.153
53.100,26.400,64.650,-8.206,-4.064,1.380
50.550,32.100,64.200,-7.899,-4.985,0.690
43.800,37.200,67.500,-7.055,-6.749,-0.230
39.150,41.400,67.500,-7.132,-6.442,-0.307
34.050,46.650,66.750,-6.825,-6.979,-0.307
30.150,48.750,65.400,-8.359,-7.132,-0.690
26.850,50.400,63.900,-6.442,-7.132,0.077
22.950,52.500,62.400,-6.135,-7.362,0.383
18.150,55.350,59.250,-5.828,-8.052,-0.460
15.150,57.300,56.250,-5.291,-8.589,-0.537
10.650,58.800,53.850,-4.678,-9.203,-0.383
8.850,58.500,49.050,-4.831,-9.126,0.614
4.500,57.900,48.750,-5.368,-7.899,-0.920
-0.750,57.600,48.150,-4.141,-9.356,-1.764
-7.350,57.150,46.050,-2.301,-9.049,-0.383
-14.100,55.350,42.000,-0.153,-10.200,-0.537
-20.400,52.350,40.350,-0.690,-8.896,-1.380
-28.200,48.000,37.500,1.841,-8.129,-0.844
-36.300,39.600,31.800,4.678,-9.356,0.614
-40.200,32.550,28.800,5.445,-8.819,1.457
-42.000,28.950,25.650,5.522,-7.669,0.997
-43.200,22.800,20.550,7.976,-6.825,1.917
-42.450,17.550,18.000,8.052,-6.058,2.531
-42.450,14.850,14.700,6.212,-5.598,2.837
-40.500,10.050,12.300,8.512,-4.678,3.451
-37.800,10.800,9.750,6.518,-3.221,4.601
-36.450,6.150,8.550,9.433,-3.221,4.755
-35.100,4.800,7.050,8.206,-1.917,5.522
-34.800,5.400,6.600,8.512,-1.150,4.678
-33.450,4.200,6.000,9.969,-1.074,5.828
-32.550,4.200,5.850,9.049,0.920,4.141
-30.000,2.100,3.150,8.512,-0.614,5.291
-24.450,1.800,-0.450,7.669,2.377,6.288
-17.550,-1.950,-4.650,5.061,2.991,7.669
-15.450,-5.550,-4.350,3.834,2.914,7.899
-14.100,-5.550,-4.950,3.221,4.141,6.672
-16.800,-5.100,-4.950,3.834,4.678,7.515
-19.050,-4.800,-4.050,3.911,4.525,8.206
-23.850,-3.900,-2.550,3.374,4.908,6.672
-27.750,-10.050,0.750,3.221,5.598,7.132
-27.450,-14.100,1.350,2.454,5.675,7.669
-28.350,-15.600,1.950,2.224,6.365,7.285
-27.600,-20.250,3.600,1.610,6.288,8.359
-26.700,-24.300,3.150,1.610,6.058,7.132
-26.100,-25.350,4.050,0.614,6.442,7.055
-25.500,-27.450,4.950,0.997,7.209,7.055
-25.050,-30.300,5.400,0.000,5.291,6.672
-24.150,-33.900,8.250,0.383,6.365,8.052
-20.250,-37.500,10.800,0.537,6.825,7.592
-19.500,-40.950,12.900,0.153,5.982,8.052
-16.350,-44.250,16.200,-0.383,6.595,6.595
-14.100,-47.400,21.000,0.537,7.209,8.206
-9.600,-49.500,23.850,0.077,6.979,6.825
-6.450,-50.550,25.050,-0.153,6.672,6.365
-3.300,-51.300,26.850,-0.077,7.132,5.675
1.050,-51.600,29.250,0.614,7.745,6.365
3.150,-51.600,28.050,0.230,7.592,5.905
6.150,-51.300,28.800,0.230,7.515,5.598
9.900,-50.250,28.350,0.000,7.515,5.445
11.850,-49.350,27.300,-0.153,7.669,5.675
14.250,-48.150,25.650,0.000,7.669,5.675
18.000,-47.550,24.600,-0.077,7.592,6.518
19.800,-46.200,23.100,-0.153,7.669,6.135
21.900,-44.100,22.200,0.230,7.439,5.752
23.550,-43.050,19.650,0.077,7.669,5.445
23.850,-41.250,18.300,0.077,7.669,5.445
24.750,-38.850,15.750,-0.307,7.592,5.828
25.650,-36.600,13.200,-0.460,7.362,5.752
24.300,-33.150,10.500,-0.307,7.055,5.828
24.150,-31.200,8.250,-0.230,7.209,6.442
22.500,-30.150,5.550,-0.153,7.285,6.902
21.150,-28.050,4.200,-0.307,7.515,6.365
18.900,-27.450,2.400,-0.690,7.515,5.828
16.950,-26.700,1.500,-0.383,7.592,5.291
15.000,-25.050,1.050,-0.460,7.669,5.445
12.150,-25.800,-1.050,-0.383,7.745,5.522
9.600,-24.150,-1.500,-0.614,7.515,5.828
5.250,-24.150,-1.350,-0.307,7.439,5.982
1.950,-24.600,-2.100,-0.153,7.592,6.288
-0.600,-24.900,-2.700,-0.460,7.592,6.288
-3.750,-25.200,-1.800,-0.383,7.439,5.982
-8.100,-26.400,-0.750,-0.383,7.822,5.061
-11.400,-28.350,0.750,-0.537,7.362,5.598
-13.500,-28.950,2.400,-0.460,7.822,5.522
-15.000,-31.050,4.350,0.153,8.129,4.985
-17.100,-33.600,6.900,-0.077,7.822,5.138
-19.200,-35.850,8.550,-0.153,7.592,5.522
-20.100,-37.350,11.400,-0.537,7.592,6.058
-20.550,-39.750,13.800,-0.537,7.515,5.598
-19.350,-41.400,16.200,-0.307,7.439,5.752
-19.500,-44.400,18.750,0.077,7.439,5.982
-16.800,-44.400,20.100,-0.383,7.592,6.365
-16.050,-45.750,22.800,-0.767,7.592,6.058
-14.250,-48.600,24.900,-0.537,7.669,5.522
-10.950,-49.500,26.400,-0.383,7.745,5.138
-9.600,-50.400,27.450,-0.383,7.899,5.522
-5.100,-50.550,29.250,-0.537,7.899,5.368
-3.450,-51.000,30.000,-0.460,7.669,5.522
0.600,-51.900,31.050,-0.153,7.745,5.905
4.350,-51.300,30.750,-0.383,7.745,5.445
7.800,-51.750,31.200,-0.460,7.976,5.522
10.200,-51.750,31.650,-0.307,7.822,5.138
13.050,-50.100,30.000,-0.077,8.052,5.138
16.500,-49.950,30.000,-0.077,8.052,5.291
19.350,-46.200,27.600,0.000,8.052,4.985
23.250,-46.200,25.200,-0.153,7.899,5.368
23.850,-44.700,22.800,-0.230,7.822,5.368
26.250,-42.600,20.700,-0.537,7.822,5.598
27.300,-40.200,18.150,-0.614,7.592,5.522
26.550,-36.900,15.450,-0.690,7.515,5.522
25.350,-36.150,12.600,-0.460,7.439,6.365
26.550,-34.500,10.950,-0.230,7.745,6.749
23.850,-31.950,7.800,-2.147,7.285,6.672
21.900,-31.050,6.750,-0.844,7.592,4.755
20.850,-27.600,3.600,0.460,6.749,3.834
16.500,-26.550,0.900,-0.767,6.902,6.825
11.400,-24.900,-0.750,-0.460,7.132,6.442
6.300,-24.000,-2.100,0.767,9.049,5.598
2.400,-24.300,-2.550,0.077,8.282,7.055
-0.300,-22.500,-2.250,1.304,7.592,5.598
-3.600,-22.050,-3.300,1.994,7.285,6.058
-6.150,-21.900,-1.800,1.150,7.209,6.595
-10.950,-22.950,-1.800,1.380,7.439,6.518
-14.550,-23.100,0.450,1.150,7.132,6.518
-23.100,-25.200,2.700,1.074,7.209,6.442
-28.950,-31.650,10.950,0.997,7.515,5.061
-28.050,-37.800,18.300,0.690,6.595,6.595
-23.250,-44.850,24.450,1.304,6.979,6.442
-16.050,-49.350,27.900,1.150,7.515,6.365
-5.850,-50.100,26.850,1.074,7.515,6.518
-2.100,-51.300,28.350,0.614,7.285,5.675
1.650,-51.750,29.250,0.844,7.822,5.598
5.100,-51.600,27.600,0.844,7.669,5.138
6.150,-50.550,26.850,1.457,8.206,5.215
9.750,-49.200,25.650,1.841,7.976,5.215
12.600,-49.500,24.900,1.994,7.899,5.598
16.350,-42.750,16.050,0.537,7.439,5.905
17.700,-36.900,9.300,1.227,7.515,5.982
14.100,-31.500,3.900,0.690,7.515,5.675
7.800,-25.950,-0.600,0.460,7.439,6.058
5.100,-25.350,-1.350,0.614,7.439,6.058
2.250,-25.050,-2.550,0.997,7.669,6.058
-1.950,-24.600,-2.400,0.920,7.592,5.675
-4.800,-24.300,-1.350,0.997,7.362,5.828
-8.550,-24.450,-1.650,0.997,7.439,5.522
-11.700,-24.000,-1.500,0.767,7.515,5.445
-15.600,-25.200,0.900,1.074,7.592,6.135
-19.650,-25.800,3.450,1.304,7.745,6.288
-22.650,-27.150,5.550,1.457,7.976,5.982
-27.600,-31.650,11.550,0.767,7.209,5.598
-28.200,-37.350,18.300,1.534,7.439,5.752
-26.400,-43.200,22.650,1.457,7.209,5.982
-19.950,-47.550,27.150,1.304,7.285,5.752
-9.450,-51.150,30.150,1.841,7.745,5.061
-6.150,-52.200,30.150,1.764,7.592,5.138
-1.950,-51.300,29.850,1.304,7.669,5.522
0.600,-50.850,28.050,0.920,7.209,5.598
2.550,-51.000,25.800,1.534,7.515,6.135
6.150,-50.550,24.600,1.380,7.515,5.982
8.250,-49.800,23.100,1.227,7.669,5.675
11.250,-49.050,22.650,1.304,7.439,5.828
16.650,-44.550,16.950,1.227,7.515,5.828
17.250,-37.950,9.750,1.227,7.515,6.288
14.850,-32.250,3.750,1.074,7.592,5.675
7.050,-26.400,-0.900,1.150,7.285,5.982
-2.250,-23.850,-2.100,1.610,7.285,6.672
-3.750,-23.100,-1.800,1.534,7.439,6.135
-6.450,-22.800,-2.250,1.074,7.285,6.365
-10.650,-22.500,-1.950,0.614,7.285,5.598
-12.750,-23.400,-0.900,0.920,7.362,5.982
-16.050,-23.700,0.300,1.457,7.515,6.212
-23.100,-26.700,4.050,1.304,7.132,6.518
-28.350,-29.550,9.600,1.380,7.362,5.982
-29.100,-37.050,18.000,1.610,7.362,6.058
-24.450,-42.300,23.250,1.227,7.285,6.595
-22.050,-45.750,24.450,1.227,7.362,6.212
-20.250,-46.650,25.500,1.380,7.592,5.828
-17.850,-48.450,26.700,0.920,7.515,5.445
-14.400,-48.450,27.150,1.150,7.515,5.598
-11.700,-49.950,27.750,1.457,7.592,5.905
-8.550,-50.100,28.650,1.380,7.592,6.365
-5.550,-50.850,28.200,1.304,7.515,6.212
-2.850,-51.300,28.050,1.227,7.592,5.752
-0.300,-51.750,28.200,1.764,7.592,5.752
3.150,-50.400,26.700,1.380,7.592,6.365
10.500,-49.050,22.950,2.224,7.745,5.061
13.950,-44.400,16.050,1.457,7.515,5.828
14.700,-39.150,9.450,1.764,7.822,5.598
15.300,-37.350,7.950,1.380,7.592,5.522
13.800,-34.500,6.000,1.074,7.515,5.138
13.050,-33.300,4.500,1.304,7.515,5.522
11.250,-32.100,3.450,1.074,7.515,5.828
8.850,-29.400,2.250,0.844,7.592,5.675
5.250,-28.200,0.450,1.457,7.822,5.905
-3.900,-25.500,-0.450,1.994,7.669,5.445
-15.750,-25.500,1.650,2.071,7.745,5.598
-22.950,-27.450,5.700,1.841,7.362,5.828
-29.850,-30.900,13.350,1.917,7.592,5.598
-30.000,-32.550,14.550,1.610,7.285,5.445
-30.900,-34.500,17.550,1.841,7.362,5.598
-30.300,-36.900,19.050,1.841,7.899,5.905
-30.300,-38.250,21.600,1.610,7.592,5.522
-28.650,-41.250,23.700,1.610,7.515,5.445
-26.400,-42.000,24.900,1.534,7.592,5.905
-25.500,-43.500,25.500,1.380,7.592,5.675
-23.550,-45.600,27.300,1.227,7.745,5.752
-20.700,-47.850,29.100,1.304,7.976,5.752
-17.700,-48.450,30.600,1.304,7.285,5.368
-14.250,-49.650,31.200,1.994,7.899,5.368
-10.650,-50.850,31.350,2.224,7.899,5.291
-6.150,-50.850,30.900,2.071,7.822,5.368
-3.000,-51.450,29.550,1.457,7.439,5.522
0.450,-51.600,25.500,1.457,7.285,6.518
5.550,-48.900,19.350,1.150,6.518,7.055
8.550,-46.050,13.350,-0.383,5.675,7.592
12.450,-41.850,8.100,0.307,4.755,7.592
14.700,-38.700,6.600,0.230,4.448,9.356
18.150,-36.000,4.350,0.690,4.601,8.896
20.250,-31.800,3.150,0.077,4.448,8.052
21.450,-29.100,2.400,-0.537,4.295,8.512
23.250,-26.250,-0.150,0.383,4.295,8.589
24.000,-22.200,-1.500,0.230,3.604,8.282
23.700,-17.550,-3.300,-0.077,3.374,8.896
23.100,-14.400,-3.900,0.077,3.298,9.279
22.200,-11.250,-5.700,0.077,2.837,9.279
20.250,-6.750,-5.700,0.077,2.684,9.279
17.700,-4.350,-6.750,0.230,2.914,8.972
15.450,-2.400,-7.200,0.000,2.761,9.126
11.700,-0.750,-7.950,0.153,3.298,9.356
9.600,0.900,-7.650,0.844,3.604,8.972
6.300,2.550,-7.950,1.074,2.991,8.589
0.900,2.700,-8.850,0.230,2.837,8.512
-3.600,0.000,-8.250,-0.307,3.298,9.586
-6.900,-0.600,-8.100,0.460,3.068,9.509
-7.650,-1.800,-7.650,0.153,2.991,9.126
-9.600,-3.900,-7.500,-0.537,3.144,8.972
-11.100,-5.400,-7.800,-0.230,3.451,9.816
-14.250,-7.350,-6.450,-0.690,2.991,9.279
-15.300,-10.800,-7.050,-1.227,3.298,9.279
-13.650,-13.650,-7.500,-1.687,1.764,8.819
-9.150,-16.800,-7.800,-1.227,2.377,8.819
-6.150,-19.200,-7.050,-3.834,3.911,14.954
-7.800,-20.400,-7.350,-0.767,-0.153,9.279
-7.350,-22.350,-6.450,-1.534,1.457,9.279
-6.600,-26.250,-5.700,-2.224,2.377,9.203
-5.100,-28.950,-4.500,-2.377,2.147,8.512
-1.050,-31.950,-3.150,-1.304,2.914,9.203
1.800,-34.200,-1.800,-1.304,2.301,9.356
5.550,-35.100,-0.600,-1.227,2.377,9.586
10.650,-36.300,0.600,-2.071,2.224,8.896
13.800,-36.000,1.500,-2.301,2.377,8.359
16.800,-36.300,1.350,-2.147,2.684,8.666
20.850,-35.700,1.950,-1.534,2.837,9.433
23.250,-34.050,2.700,-1.304,2.837,9.203
27.300,-31.950,2.400,-1.380,2.684,8.972
28.500,-30.450,2.850,-1.994,2.531,8.972
31.350,-29.550,2.700,-1.917,2.837,8.666
32.250,-26.400,3.600,-1.687,2.837,8.819
33.150,-23.250,2.400,-1.994,2.531,8.972
34.950,-21.150,1.350,-1.917,2.531,9.049
34.650,-19.200,1.800,-2.071,2.454,9.356
34.950,-16.050,0.750,-1.917,2.607,8.896
34.950,-13.950,0.450,-2.071,3.144,8.896
34.200,-11.550,-0.450,-1.994,3.144,8.666
32.250,-8.850,-0.900,-1.994,3.298,8.512
31.950,-6.900,-2.250,-2.071,3.144,8.512
28.050,-6.000,-4.050,-2.224,3.144,9.356
25.650,-4.500,-4.500,-2.147,2.761,8.896
23.700,-3.450,-4.350,-2.071,3.298,8.666
21.750,-3.450,-5.550,-2.071,3.604,8.896
18.900,-4.200,-6.600,-1.994,3.834,8.282
15.450,-3.450,-7.350,-2.301,3.834,8.436
13.050,-6.750,-7.200,-2.531,4.141,8.282
11.400,-7.200,-7.350,-2.531,4.371,7.976
8.250,-8.400,-8.400,-2.531,4.525,7.745
5.850,-10.800,-8.100,-2.607,4.678,7.822
2.100,-12.900,-8.850,-2.454,4.448,8.359
0.300,-14.700,-7.200,-2.377,4.678,8.282
-2.850,-18.150,-7.500,-2.454,5.061,7.669
-3.900,-21.000,-5.100,-2.377,5.291,7.592
-4.950,-25.200,-5.250,-2.147,5.061,7.362
-6.150,-28.950,-2.250,-2.607,4.908,7.515
-6.300,-32.550,-0.150,-2.684,4.908,7.669
-6.150,-35.400,1.950,-2.377,5.291,7.745
-5.550,-39.450,6.150,-2.914,5.675,7.592
-5.100,-42.750,10.050,-1.687,5.982,6.058
-5.250,-46.950,17.400,-1.841,7.362,5.061
-5.550,-51.150,26.100,-2.454,8.206,4.525
-6.000,-52.800,35.100,-1.534,8.666,2.991
-5.850,-52.500,43.200,-1.380,9.279,2.684
-2.850,-51.900,48.600,-1.074,9.586,1.841
-1.050,-50.550,54.900,-0.767,9.586,1.841
2.700,-48.900,60.150,-0.614,9.739,1.074
6.600,-47.850,62.550,-0.153,9.739,0.000
10.050,-46.500,63.000,-0.230,9.663,0.000
13.350,-46.500,60.900,-0.153,9.816,0.460
16.050,-46.950,61.200,-0.230,9.816,-0.537
17.250,-45.450,58.200,0.000,9.586,-0.997
20.100,-46.800,57.000,-0.077,9.586,0.000
21.450,-47.250,54.300,-0.307,9.663,-1.380
21.600,-46.350,52.050,-0.307,9.893,-0.767
24.450,-46.200,50.400,0.230,9.816,-1.074
24.750,-46.200,47.850,0.230,9.586,-2.454
24.450,-45.300,45.150,0.230,9.586,-1.457
25.050,-44.850,45.450,-0.614,9.739,-1.304
24.300,-45.150,45.600,-0.614,9.356,-1.917
24.450,-45.600,44.400,0.307,9.663,-3.221
22.950,-45.150,43.650,-0.537,9.586,-2.224
22.500,-46.050,42.450,-0.997,9.663,-4.218
20.100,-46.650,42.150,-1.074,9.126,-3.068
16.800,-46.500,39.300,-1.150,9.126,-2.991
15.000,-47.700,38.100,-1.150,9.433,-3.068
12.150,-46.950,38.250,-0.997,9.203,-2.454
8.700,-47.550,37.350,-0.920,9.203,-2.607
6.900,-47.850,38.400,-1.610,9.509,-3.451
3.900,-47.250,37.800,-1.150,9.356,-3.681
1.800,-48.750,38.850,-0.690,9.356,-2.684
0.300,-49.050,38.400,-0.997,9.279,-2.914
-3.000,-49.350,40.350,-1.687,9.049,-3.374
-3.900,-48.600,42.300,-1.380,9.049,-3.144
-5.550,-48.750,44.100,-0.997,9.203,-3.068
-6.750,-48.150,47.700,-1.534,9.049,-2.837
-8.100,-48.900,50.100,-1.764,9.049,-3.221
-9.900,-46.650,52.500,-1.610,9.126,-3.068
-9.000,-47.400,55.500,-1.764,8.972,-3.604
-9.450,-46.800,57.900,-1.917,9.049,-3.144
-8.250,-45.300,61.800,-1.764,9.126,-3.374
-8.850,-44.400,64.350,-1.994,8.972,-3.374
-8.400,-43.200,66.150,-2.147,9.049,-3.068
-6.450,-41.550,67.950,-1.917,8.972,-3.451
-4.350,-40.950,71.400,-2.071,9.049,-3.681
-2.550,-40.800,72.600,-2.224,8.896,-3.221
-0.750,-38.700,76.050,-1.687,8.819,-4.218
2.100,-37.800,77.250,-1.457,8.819,-3.834
4.800,-35.850,78.300,-1.841,8.742,-3.528
8.850,-35.400,79.200,-2.224,8.972,-3.604
11.400,-34.650,79.350,-1.994,8.589,-3.834
15.000,-34.800,80.850,-1.841,8.819,-3.451
16.200,-33.000,79.050,-2.071,9.279,-3.604
19.050,-33.750,79.200,-1.764,9.049,-3.911
21.450,-33.000,78.000,-1.994,8.819,-3.681
24.150,-32.550,78.000,-2.147,8.589,-3.911
27.900,-32.250,76.200,-1.917,8.819,-3.758
28.350,-32.400,75.750,-1.994,8.896,-3.298
31.200,-32.850,71.100,-2.071,8.819,-3.758
32.100,-33.750,70.500,-2.071,8.972,-3.834
33.300,-34.500,68.100,-2.301,9.049,-3.681
34.800,-34.350,66.300,-1.687,8.589,-4.218
35.400,-34.950,64.650,-1.841,8.436,-4.525
35.550,-36.150,61.350,-1.841,8.589,-4.295
35.400,-36.450,57.450,-2.454,8.819,-3.988
34.800,-38.400,55.500,-1.841,8.819,-3.374
33.750,-39.900,53.100,-1.841,8.742,-3.068
33.750,-40.800,51.300,-1.917,9.279,-3.144
31.650,-41.400,47.400,-2.071,9.279,-3.911
29.700,-42.450,47.850,-2.071,8.819,-3.604
27.900,-43.950,44.550,-2.224,8.666,-3.451
24.900,-44.100,42.300,-2.147,8.896,-3.604
22.500,-45.750,41.850,-2.224,8.819,-3.604
20.850,-45.900,41.100,-2.147,8.896,-3.604
18.300,-46.650,40.950,-2.071,8.896,-3.374
15.600,-47.550,40.800,-2.147,8.972,-3.221
13.650,-47.250,41.100,-1.917,8.896,-3.451
9.000,-48.150,40.500,-2.147,8.666,-3.834
7.050,-49.050,40.500,-2.147,8.742,-3.681
5.250,-48.000,41.550,-2.071,8.589,-3.604
1.500,-49.500,40.500,-2.147,8.819,-2.301
0.450,-48.750,33.600,-1.841,9.279,-1.457
-2.400,-47.100,24.900,-2.301,9.893,0.077
-5.700,-43.800,19.050,-2.071,9.126,4.218
-7.200,-41.100,12.450,-1.534,9.049,4.064
-7.950,-39.150,8.250,-2.071,8.436,4.064
-7.650,-36.300,5.700,-2.224,7.592,4.985
-8.250,-34.800,4.800,-1.994,7.592,5.061
-7.650,-36.450,5.700,-1.917,7.209,5.598
-9.600,-37.650,4.500,-2.071,7.209,5.982
-9.600,-36.450,5.400,-2.377,7.439,5.445
-10.350,-37.500,5.400,-1.917,6.825,5.905
-10.200,-38.700,5.850,-2.224,6.595,6.058
-10.650,-39.000,7.050,-1.994,6.672,6.825
-10.050,-38.700,7.800,-1.764,6.442,6.825
-9.450,-40.200,7.200,-2.224,6.365,6.825
-9.600,-40.950,8.400,-1.994,6.442,6.595
-8.100,-41.250,8.400,-1.610,6.212,6.672
-7.500,-41.850,7.800,-1.994,6.212,6.672
-7.200,-43.200,9.000,-1.917,5.982,6.902
-5.850,-43.800,9.900,-1.994,6.135,6.749
-5.850,-43.200,9.750,-1.994,5.752,7.055
-5.400,-43.800,10.650,-1.917,5.905,7.362
-3.150,-44.400,10.650,-1.841,5.905,7.285
-1.950,-45.150,10.800,-2.147,5.828,6.902
-1.500,-46.200,12.150,-1.994,5.828,7.285
-0.900,-45.450,12.600,-1.917,5.905,7.132
0.900,-46.650,12.900,-1.994,5.905,7.209
2.250,-47.550,12.600,-2.071,6.058,6.749
3.450,-47.700,13.650,-1.994,5.905,6.902
5.100,-47.700,15.450,-1.994,6.058,6.902
6.450,-48.150,15.750,-1.841,6.135,6.749
6.600,-48.000,15.150,-1.917,5.905,7.515
11.250,-47.550,16.350,-2.224,5.982,6.825
12.300,-46.950,16.350,-2.071,5.982,6.749
13.500,-47.550,16.350,-2.224,5.905,7.285
13.950,-47.100,16.650,-2.071,5.982,7.362
15.150,-46.800,16.950,-2.071,5.905,7.055
16.350,-47.250,16.950,-2.071,5.982,7.285
16.350,-47.400,16.350,-1.994,5.828,7.055
16.200,-45.900,15.300,-2.224,5.905,7.285
17.250,-47.250,15.450,-2.224,5.752,7.285
16.350,-46.500,15.300,-2.071,5.905,6.902
17.100,-46.350,16.050,-2.071,5.828,7.055
16.650,-45.600,15.600,-2.224,5.752,7.285
18.000,-45.750,15.600,-2.071,5.752,7.285
16.800,-46.050,16.650,-2.301,5.905,7.055
16.050,-45.450,15.600,-2.377,5.675,7.055
16.050,-46.650,15.900,-2.224,5.675,7.209
14.550,-46.950,14.850,-2.147,5.675,7.285
14.850,-46.950,15.000,-2.147,5.752,7.285
13.650,-47.100,15.600,-2.071,5.982,7.132
11.850,-47.850,15.600,-2.377,5.828,7.055
10.800,-47.100,14.850,-2.071,5.828,7.055
9.750,-47.250,14.250,-2.071,5.982,7.285
7.650,-46.950,14.250,-1.841,6.212,7.209
6.000,-47.550,14.250,-1.687,5.982,7.209
4.650,-47.550,15.000,-1.841,5.905,7.209
3.450,-47.400,14.100,-1.687,5.752,7.055
3.000,-46.050,12.900,-1.917,5.445,7.362
0.750,-45.900,12.000,-2.147,5.445,8.052
-0.300,-46.200,12.150,-1.764,5.598,7.285
-1.350,-45.600,12.000,-1.687,5.982,7.285
-1.950,-45.600,12.000,-1.610,6.058,6.979
-3.150,-45.600,10.200,-1.764,6.135,6.979
-4.800,-45.300,10.800,-1.610,5.982,6.825
-4.800,-43.350,10.200,-1.610,5.905,7.285
-5.850,-43.050,9.600,-1.764,5.522,7.132
-7.500,-42.600,8.850,-1.687,5.828,7.362
-7.500,-41.250,8.250,-1.841,5.752,7.285
-9.450,-41.250,7.350,-1.764,5.905,7.209
-8.700,-40.050,6.900,-1.917,5.675,7.132
-8.850,-39.450,6.450,-1.841,5.982,7.055
-9.900,-39.450,6.150,-1.764,5.905,7.132
-11.250,-37.650,4.050,-1.687,5.828,7.209
-10.950,-37.050,4.500,-1.610,5.905,7.592
-10.950,-36.450,3.450,-1.764,5.752,7.209
-10.950,-36.000,2.550,-1.687,5.752,7.362
-11.250,-34.650,3.150,-1.764,5.752,7.285
-12.000,-34.050,2.100,-1.764,5.675,7.362
-11.550,-33.300,1.800,-1.917,5.752,7.285
-11.250,-33.000,1.200,-1.917,5.828,7.132
-10.650,-30.150,0.300,-1.841,5.982,7.285
-10.950,-30.300,-0.300,-1.917,5.905,7.055
-10.950,-30.900,-0.750,-1.764,5.828,7.362
-11.250,-28.500,-1.500,-1.764,5.828,7.209
-11.100,-27.900,-1.650,-1.764,5.752,7.362
-10.800,-27.900,-1.350,-1.610,5.828,7.439
-9.750,-27.900,-2.700,-1.687,6.058,7.209
-10.500,-28.350,-2.250,-1.764,5.982,7.132
-10.200,-27.300,-2.400,-1.687,5.905,7.132
-9.600,-27.450,-1.950,-1.687,5.675,7.285
-10.500,-27.600,-1.800,-1.687,5.905,7.362
-9.750,-27.750,-3.150,-1.610,5.828,7.285
-10.200,-28.050,-1.800,-1.764,5.982,7.209
-10.800,-28.500,-2.700,-1.764,5.982,7.055
-8.550,-28.950,-1.650,-1.764,5.905,7.132
-10.650,-29.400,-1.350,-1.687,5.598,7.362
-10.950,-28.500,-1.500,-1.610,5.982,7.285
-10.350,-29.550,-0.600,-1.994,5.828,7.209
-11.100,-31.800,0.600,-1.687,5.982,7.209
-11.400,-32.700,1.200,-1.534,6.058,6.979
-11.700,-33.600,1.800,-1.917,5.982,7.285
-12.600,-33.900,3.150,-1.764,5.982,7.285
-11.700,-36.000,3.450,-1.687,6.058,6.902
-11.850,-37.050,5.100,-1.304,5.752,7.285
-12.150,-37.200,5.100,-1.917,5.368,7.439
-11.850,-37.500,5.250,-1.841,5.905,7.285
-12.000,-38.250,5.550,-1.534,6.365,7.285
-9.600,-39.600,6.450,-1.457,6.058,7.209
-11.100,-39.300,6.600,-1.687,6.135,6.979
-10.500,-40.500,6.900,-1.610,5.982,7.132
-9.600,-40.350,7.650,-1.764,6.058,7.132
-9.450,-40.950,7.800,-1.534,5.905,7.439
-9.450,-41.400,8.100,-1.534,6.058,7.209
-7.500,-42.000,9.300,-1.687,5.982,7.209
-7.050,-42.900,9.000,-1.764,5.905,7.515
-6.600,-43.350,9.450,-1.841,5.905,7.132
-6.000,-43.950,10.200,-1.687,6.135,7.055
-5.700,-44.400,10.500,-1.610,6.058,7.209
-5.400,-44.550,10.950,-1.764,5.982,7.132
-5.550,-45.300,11.700,-1.687,6.058,7.055
-4.200,-45.450,12.150,-1.534,5.982,7.055
-3.750,-44.700,12.300,-1.687,6.058,7.055
-3.300,-45.900,12.450,-1.610,5.982,6.979
-1.350,-45.750,12.750,-1.687,6.135,7.055
-2.250,-46.050,14.250,-1.687,6.058,7.055
-1.950,-46.950,13.650,-1.687,6.135,7.055
-0.600,-46.950,13.800,-1.764,6.135,6.902
-1.200,-46.800,13.500,-1.687,6.212,6.825
-0.750,-47.700,13.800,-1.534,6.058,7.285
0.900,-47.550,14.250,-1.687,6.058,7.132
-0.150,-46.500,14.850,-1.687,6.212,7.285
1.800,-47.550,15.150,-1.764,6.058,7.362
1.350,-48.000,14.850,-1.841,6.212,6.672
2.700,-48.150,14.850,-1.687,6.058,7.209
3.450,-48.300,14.100,-1.610,6.212,6.902
2.250,-47.700,15.300,-1.687,6.058,6.902
2.850,-47.400,14.850,-1.534,6.135,6.825
3.150,-47.700,14.550,-1.610,6.058,6.825
3.750,-47.550,15.000,-1.687,6.058,6.979
4.950,-47.850,15.600,-1.687,6.058,7.439
4.500,-48.300,15.300,-1.841,5.982,7.055
5.700,-48.000,15.450,-1.764,6.058,7.055
5.550,-48.150,15.900,-1.764,6.212,7.055
5.100,-47.550,16.200,-1.610,5.982,7.055
4.800,-48.000,15.900,-1.764,5.982,6.979
4.500,-47.400,15.150,-1.841,6.135,7.055
4.650,-47.700,15.300,-1.687,6.058,7.209
5.100,-48.600,15.150,-1.687,6.135,7.055
5.250,-47.700,15.900,-1.764,6.058,7.055
6.150,-48.150,15.600,-1.687,5.982,7.055
5.550,-47.550,16.350,-1.534,6.058,7.209
5.700,-48.750,15.900,-1.610,6.135,7.055
5.550,-48.300,15.450,-1.841,6.135,6.979
4.950,-47.700,15.750,-1.764,6.135,6.979
6.000,-48.000,15.900,-1.917,6.058,7.055
4.800,-47.850,15.450,-1.610,6.212,7.055
4.500,-48.150,16.650,-1.687,6.135,7.362
4.950,-48.600,15.600,-2.071,6.135,6.749
5.550,-48.000,15.900,-1.764,6.135,7.132
5.250,-47.400,15.750,-1.687,6.212,6.749
4.950,-48.450,16.050,-1.764,6.212,6.979
5.250,-48.750,15.750,-1.457,6.135,7.132
5.250,-49.200,15.600,-1.764,6.135,7.055
6.150,-48.900,15.150,-1.687,6.058,6.902
5.100,-48.450,15.450,-1.764,6.058,7.055
4.650,-48.450,16.050,-1.764,6.058,7.132
5.250,-47.550,16.650,-1.687,6.135,7.285
5.550,-48.150,16.650,-1.687,6.135,7.132
5.100,-48.750,15.900,-1.841,6.212,6.749
6.300,-48.150,15.750,-1.687,6.135,6.749
6.750,-47.850,16.200,-1.687,6.135,6.825
6.150,-47.100,16.050,-1.764,6.058,7.055
6.900,-48.300,16.350,-1.610,6.135,7.209
5.250,-47.700,16.050,-1.841,6.135,7.055
5.550,-48.000,15.750,-1.764,6.135,6.979
5.100,-47.850,15.450,-1.841,6.058,7.055
5.400,-47.850,15.900,-1.841,6.135,7.055
4.800,-47.400,16.200,-1.764,6.212,6.979
5.250,-47.850,15.000,-1.610,6.135,7.055
5.400,-48.450,15.300,-1.687,6.135,7.055
5.250,-47.700,16.500,-1.764,6.135,7.055
6.450,-48.600,15.750,-1.841,6.212,7.055
5.850,-49.200,15.600,-1.764,6.212,7.209
6.150,-47.850,15.750,-1.687,6.212,6.825
5.850,-48.600,15.600,-1.687,6.135,6.979
6.000,-47.700,15.600,-1.687,6.288,6.902
6.000,-47.850,16.350,-1.687,6.058,7.132
5.250,-48.000,15.900,-1.687,6.288,7.209
5.250,-48.750,16.650,-1.687,6.212,7.132
4.950,-48.150,15.750,-1.764,6.135,6.979
5.700,-46.950,16.200,-1.687,6.135,6.979
5.550,-48.450,16.050,-1.687,6.058,6.979
4.950,-48.600,16.050,-1.610,6.135,7.055
4.800,-48.150,15.750,-1.687,6.135,7.132
4.500,-48.000,16.050,-1.764,6.135,6.902
4.950,-48.300,15.600,-1.764,6.135,6.979
5.250,-48.000,16.350,-1.610,6.135,7.209
5.550,-48.000,16.350,-1.917,6.212,6.979
5.250,-49.050,16.200,-1.687,6.058,7.055
4.800,-48.300,16.200,-1.764,6.212,6.979
5.250,-47.850,15.900,-1.764,6.212,6.825
5.400,-48.450,15.900,-1.764,6.212,6.902
5.550,-48.150,16.350,-1.610,6.135,7.285
6.150,-48.150,16.650,-1.687,6.135,7.209
5.550,-48.450,15.750,-1.610,6.212,7.209
5.250,-48.150,16.200,-1.841,6.212,7.055
6.000,-48.300,15.600,-1.687,6.212,7.209
5.400,-49.350,16.500,-1.764,6.212,6.749
4.950,-48.750,16.050,-1.687,6.212,7.055
5.100,-48.450,15.300,-1.687,6.212,6.672
4.800,-47.850,16.200,-1.764,6.212,6.902
5.550,-47.700,16.050,-1.764,6.212,6.825
6.300,-48.000,16.050,-1.687,6.058,7.055
5.100,-48.750,16.200,-1.841,6.212,6.825
5.700,-48.450,16.650,-1.764,6.212,6.518
5.700,-48.000,16.050,-1.687,6.212,7.209
5.100,-48.900,15.900,-1.610,6.288,7.132
5.400,-48.600,16.950,-1.841,6.212,7.055
6.450,-49.050,16.200,-1.764,6.288,7.285
5.550,-48.900,16.350,-1.687,6.135,7.132
5.550,-48.450,16.050,-1.764,6.212,6.979
5.250,-47.850,15.450,-1.764,6.135,6.979
5.100,-47.850,16.050,-1.687,6.212,7.055
5.250,-47.850,15.750,-1.841,6.135,6.672
4.950,-48.150,16.050,-1.841,6.135,6.979
5.850,-47.850,16.200,-1.610,6.058,7.055
5.700,-48.000,16.650,-1.764,6.135,6.825
5.100,-47.100,16.950,-1.687,6.365,6.825
4.950,-48.750,16.050,-1.841,6.135,6.979
4.950,-48.150,15.900,-1.764,6.212,6.979
5.100,-47.250,15.750,-1.764,6.058,6.902
5.700,-47.850,16.650,-1.687,6.135,7.132
5.250,-47.100,16.350,-1.687,6.288,7.132
4.050,-47.550,16.500,-1.687,6.212,6.979
5.550,-47.850,17.400,-1.610,6.135,6.979
5.700,-48.000,16.650,-1.534,6.288,6.825
4.800,-48.300,16.200,-1.610,6.058,6.979
4.800,-47.850,16.650,-1.687,6.365,6.979
5.700,-47.700,15.750,-1.917,6.212,7.132
4.950,-47.700,16.050,-1.304,6.058,6.825
5.250,-48.150,16.350,-1.610,6.212,7.209
4.650,-47.550,16.350,-1.610,6.058,7.132
5.100,-47.850,16.050,-1.304,6.288,6.979
5.250,-48.600,17.100,-1.380,6.288,7.055
5.400,-48.150,16.650,-1.610,6.135,7.055
6.600,-48.150,15.450,-1.534,5.752,7.976
6.900,-47.550,14.400,-1.457,5.675,7.209
5.100,-44.400,10.350,-1.074,5.291,7.745
5.400,-43.050,6.750,-0.920,4.678,8.206
5.100,-41.250,5.850,-1.227,4.141,8.589
5.400,-40.800,4.800,-1.074,4.141,8.359
5.700,-40.800,5.700,-0.767,3.988,8.896
6.900,-41.250,5.250,-0.690,4.295,8.359
7.200,-40.950,5.400,-0.767,4.064,8.819
7.350,-40.050,5.850,-1.227,4.141,8.512
6.750,-40.950,5.400,-0.997,4.371,8.512
7.050,-40.800,5.100,-1.074,4.218,8.282
6.300,-40.800,5.100,-0.844,4.371,8.512
6.300,-41.100,5.850,-0.537,4.064,8.436
6.450,-40.800,5.550,-0.920,4.064,8.742
5.700,-41.550,6.000,-0.844,4.295,8.742
5.100,-41.700,6.150,-0.767,4.371,8.666
5.100,-41.550,6.000,-0.920,4.601,8.282
4.650,-41.550,5.850,-0.844,4.678,8.282
5.250,-41.100,5.100,-0.537,4.295,8.436
3.600,-40.350,5.250,-0.767,4.064,9.049
3.600,-40.350,4.650,-0.690,4.064,9.126
4.200,-38.700,3.300,-0.614,3.758,8.666
3.450,-36.300,1.350,-0.767,3.988,7.822
4.050,-34.650,-0.900,-0.383,2.147,9.049
3.300,-31.200,-2.400,0.230,1.304,10.123
4.200,-32.250,-3.000,-0.153,1.994,9.433
5.250,-32.850,-2.100,-0.230,2.147,9.126
6.750,-32.250,-1.800,-0.307,2.607,8.972
7.200,-33.750,-0.600,-0.460,3.068,9.356
8.400,-34.200,-0.900,-0.153,2.761,9.126
15.300,-36.300,2.400,-0.383,3.298,8.819
16.950,-35.250,2.850,-0.383,3.528,9.433
18.000,-35.250,3.150,-0.920,3.604,8.896
20.700,-35.250,4.950,-0.614,4.295,9.126
22.950,-34.350,4.050,-1.074,4.448,8.436
23.850,-33.300,4.650,-1.150,4.601,8.512
23.700,-32.400,3.750,-1.074,3.834,8.052
24.750,-30.450,3.450,-0.383,4.371,8.819
27.300,-25.500,1.350,-0.537,4.525,8.206
25.350,-19.050,-1.350,-0.537,4.831,8.666
22.800,-15.450,-3.450,-0.844,4.755,8.206
19.800,-12.150,-4.500,-0.614,4.448,8.512
19.200,-12.150,-5.700,-0.767,4.755,8.512
17.850,-10.800,-4.650,-0.614,4.908,7.976
15.000,-10.800,-6.150,-0.460,4.908,8.359
13.950,-10.350,-6.000,-0.153,4.908,8.206
9.900,-9.450,-7.050,-0.460,4.908,8.359
3.750,-8.700,-7.800,-0.690,4.908,8.819
3.450,-8.100,-7.500,-0.537,4.678,8.282
2.550,-8.550,-8.550,-0.537,4.448,7.515
1.800,-8.550,-7.950,-0.614,4.985,8.206
0.750,-8.850,-7.800,-0.383,4.678,8.512
-0.600,-9.000,-7.650,-0.383,4.908,8.589
-0.300,-9.300,-7.800,-0.690,4.985,7.515
-1.200,-9.300,-7.200,-0.844,5.061,8.052
-2.100,-9.900,-7.350,-0.460,4.908,8.052
-1.500,-9.750,-8.250,-0.537,4.985,8.206
-1.800,-8.850,-7.800,-0.383,4.985,8.359
-0.900,-9.600,-7.050,-0.460,4.908,8.129
-1.200,-9.150,-7.200,-0.614,4.908,8.052
-1.050,-9.450,-7.500,-0.690,4.985,8.129
-0.900,-9.000,-7.350,-0.690,5.061,7.669
-0.750,-9.900,-8.550,-0.460,4.908,8.359
-1.500,-9.450,-7.050,-0.614,4.601,7.899
-0.900,-9.150,-7.800,-0.460,5.061,7.899
-0.150,-9.300,-7.350,-0.614,5.138,7.899
-0.450,-9.300,-7.800,-0.460,5.138,8.206
-0.300,-9.000,-6.900,-0.537,5.138,8.052
0.150,-9.300,-7.650,-0.537,5.061,8.282
0.450,-9.000,-7.350,-0.767,5.061,8.052
0.750,-9.450,-7.950,-0.614,4.985,8.052
0.450,-9.300,-7.800,-0.460,4.985,8.052
0.450,-10.050,-8.100,-0.920,5.138,7.745
-0.450,-9.150,-7.200,-0.614,5.138,8.436
-0.450,-9.900,-7.350,-0.614,5.061,8.206
1.050,-9.000,-7.800,-0.537,5.215,8.206
-0.600,-9.450,-7.200,-0.307,5.061,8.359
0.900,-9.300,-6.900,-0.460,5.138,8.052
0.450,-8.400,-7.500,-0.460,5.061,8.206
1.200,-8.700,-7.200,-0.460,4.985,8.052
1.500,-8.700,-7.350,-0.537,5.138,8.129
1.350,-9.150,-7.500,-0.537,5.061,7.899
1.050,-9.300,-7.500,-0.537,4.985,7.285
1.950,-9.750,-7.350,-0.537,5.138,8.359
0.450,-9.750,-7.800,-0.690,5.061,7.976
0.900,-9.300,-7.050,-0.614,5.138,8.512
1.350,-9.300,-7.050,-0.307,5.061,7.899
2.250,-9.300,-7.800,-0.690,5.138,7.822
3.450,-9.750,-8.100,-0.383,4.908,7.669
4.050,-8.550,-7.350,-0.920,4.985,7.899
3.300,-10.050,-7.950,-0.614,5.061,8.359
3.450,-9.450,-7.800,-0.537,4.985,7.976
4.800,-9.150,-7.650,-0.537,5.138,8.052
3.300,-9.000,-7.500,-0.767,5.138,7.976
4.200,-9.300,-7.350,-0.614,5.061,7.822
5.100,-8.700,-8.100,-0.690,5.138,7.976
4.500,-9.900,-7.800,-0.614,4.985,8.052
4.350,-8.400,-7.350,-0.690,5.138,8.052
5.400,-9.600,-7.800,-0.614,4.908,7.976
6.300,-9.300,-7.500,-1.227,4.908,8.282
7.500,-9.750,-7.200,-0.997,5.138,7.976
8.250,-9.000,-7.200,-0.537,5.291,7.745
9.900,-10.200,-7.500,-0.690,5.061,8.129
11.100,-10.500,-6.750,-0.614,4.908,7.899
12.300,-10.950,-6.750,-0.844,5.138,8.359
14.550,-12.000,-6.300,-0.077,5.291,7.899
16.650,-12.000,-5.100,-0.997,5.368,7.592
18.000,-13.500,-6.000,-1.457,5.522,8.129
19.950,-15.600,-3.750,-0.460,5.368,7.745
21.450,-16.350,-2.700,-0.844,4.908,7.669
22.650,-17.850,-3.000,-0.920,4.908,8.666
23.400,-19.650,-1.200,0.000,5.215,7.745
24.000,-21.150,0.150,-0.383,4.908,7.515
25.500,-24.000,1.800,-0.997,5.138,8.282
28.050,-25.650,3.450,-0.383,5.291,8.282
27.150,-27.450,3.750,-0.690,5.522,7.745
27.150,-30.450,4.650,-1.227,5.368,7.439
25.800,-33.000,6.600,-0.537,5.598,7.592
25.800,-34.650,7.650,-0.690,5.445,7.976
25.800,-36.750,8.550,-0.537,5.215,7.822
22.950,-38.250,9.000,-0.537,5.215,7.745
22.500,-39.150,9.600,-0.614,5.215,8.052
19.950,-41.850,10.650,-0.690,5.368,7.899
17.850,-42.900,12.600,-0.614,5.291,7.822
16.350,-44.100,12.750,-0.460,5.598,7.899
12.600,-44.550,12.900,-0.614,5.522,7.515
11.550,-45.900,12.000,-0.460,5.368,7.669
8.400,-46.050,12.900,-0.690,5.368,7.669
5.100,-46.650,12.000,-0.537,5.368,7.899
2.100,-45.150,12.450,-0.614,5.445,7.899
0.450,-45.900,12.600,-0.537,5.291,7.899
-2.250,-45.000,11.550,-0.460,5.368,7.822
-3.900,-45.900,12.000,-0.614,5.522,7.822
-7.500,-44.550,10.500,-0.460,5.445,7.745
-10.350,-42.300,10.050,-0.690,5.445,7.745
-11.550,-42.150,9.150,-0.460,5.522,7.822
-12.750,-40.200,8.400,-0.537,5.291,7.899
-13.500,-38.550,6.000,-0.537,5.368,7.745
-15.000,-38.100,6.450,-0.383,5.445,7.745
-16.500,-36.150,6.000,-0.690,5.445,8.052
-16.500,-34.050,4.350,-0.383,5.291,7.899
-18.900,-31.500,3.750,-0.460,5.445,7.899
-18.450,-30.150,1.950,-0.460,5.291,7.976
-18.300,-28.650,0.750,-0.460,5.368,7.822
-18.000,-27.150,0.150,-0.460,5.291,7.976
-18.150,-24.600,-1.200,-0.460,5.291,7.899
-17.250,-22.500,-2.550,-0.460,5.445,7.976
-16.200,-20.550,-3.300,-0.537,5.215,8.359
-14.250,-19.800,-4.050,-0.614,5.291,7.822
-12.750,-17.850,-4.650,-0.537,5.215,7.899
-11.850,-16.050,-5.100,-0.307,5.445,8.359
-10.050,-15.300,-5.700,-0.920,5.368,7.669
-7.800,-15.000,-6.450,-0.383,5.291,7.745
-5.550,-14.250,-7.050,-0.614,5.291,8.359
-3.900,-12.150,-8.100,-0.460,5.291,7.822
-1.950,-11.550,-6.600,-0.690,5.368,7.976
0.150,-11.550,-7.050,-0.690,5.368,7.822
2.850,-11.550,-7.350,-0.690,5.291,7.822
4.350,-10.950,-7.050,-0.614,5.368,7.822
7.350,-12.000,-7.650,-0.614,5.368,8.052
9.000,-10.350,-6.900,-0.614,5.445,8.052
11.100,-11.700,-5.850,-0.767,5.291,7.822
13.350,-12.900,-5.550,-0.690,5.291,7.899
15.600,-13.050,-4.650,-0.614,5.291,7.745
16.050,-13.350,-5.250,-0.844,5.368,7.745
17.850,-15.000,-4.950,-0.767,5.291,7.822
19.050,-15.150,-4.950,-0.767,5.368,7.899
19.050,-15.450,-3.450,-0.767,5.445,7.899
22.800,-16.350,-2.850,-0.767,5.368,7.822
23.850,-17.550,-1.950,-0.844,5.598,7.899
24.300,-18.000,-2.100,-0.537,5.368,7.745
25.650,-19.500,-0.300,-0.537,5.368,7.899
25.950,-20.100,0.300,-0.690,5.368,7.899
27.450,-21.600,0.300,-0.920,5.522,7.745
27.450,-23.250,1.200,-1.227,5.598,7.822
27.450,-24.600,2.100,-1.304,5.291,7.822
27.300,-26.850,3.450,-0.997,5.445,7.362
27.150,-28.950,6.000,-1.764,5.675,6.058
26.700,-35.850,11.100,-0.537,6.518,8.436
27.150,-40.650,16.950,-0.997,7.899,6.212
27.150,-43.500,23.850,-1.150,8.359,5.138
26.100,-46.650,28.800,-0.383,8.512,4.448
23.400,-46.650,29.700,-1.150,8.512,3.834
22.050,-48.900,30.750,-0.997,8.436,4.525
21.300,-50.100,32.550,-0.537,8.129,4.831
18.000,-50.250,31.950,-0.920,8.359,4.908
15.000,-51.750,33.300,-0.920,8.206,4.908
13.350,-52.500,34.050,-0.920,8.359,4.755
10.800,-52.350,33.750,-0.844,8.282,4.678
9.300,-52.350,34.350,-0.767,8.206,4.831
6.750,-52.650,35.100,-0.690,8.436,4.601
3.600,-53.700,34.200,-0.614,8.206,4.678
1.800,-52.500,33.450,-0.690,8.206,4.831
-2.250,-53.100,32.250,-0.920,8.359,4.908
-4.350,-52.650,32.550,-0.767,8.512,4.755
-6.750,-51.450,30.750,-0.767,8.436,5.061
-9.000,-50.850,30.300,-0.767,7.976,4.525
-10.650,-50.400,28.050,-0.690,8.282,4.985
-11.850,-48.900,27.000,-0.997,8.359,4.908
-13.200,-49.200,25.350,-0.614,8.436,5.368
-14.400,-47.400,23.400,-0.767,8.206,5.368
-15.000,-46.950,22.200,-0.690,8.129,4.678
-16.500,-44.850,20.250,-0.767,7.745,4.755
-16.050,-43.500,17.850,-0.537,8.282,4.755
-16.500,-41.850,15.900,-0.997,8.589,4.908
-16.050,-41.550,13.950,-0.077,8.512,4.295
-14.550,-39.000,11.100,-0.844,8.129,3.988
-15.150,-37.350,9.300,-1.304,8.359,4.678
-14.700,-35.250,6.900,-1.304,8.206,5.522
-11.250,-33.450,4.650,0.383,8.206,4.755
-9.450,-31.950,4.200,-0.767,7.822,5.675
-6.900,-29.850,1.950,-0.767,7.822,5.368
-3.900,-29.100,1.500,-0.460,8.206,5.598
-1.500,-28.350,1.200,-0.767,8.129,5.061
1.800,-28.800,0.300,-0.537,7.822,4.908
5.100,-28.650,0.600,-0.307,8.052,5.138
7.950,-29.400,0.900,-0.383,7.976,5.291
11.400,-29.400,2.400,-0.383,7.976,5.215
14.700,-29.850,2.400,-0.230,7.899,5.061
17.400,-30.000,4.350,-0.460,8.052,5.215
19.500,-31.350,4.950,-0.767,8.129,5.138
19.650,-31.950,6.750,-0.690,8.052,5.061
21.900,-33.600,8.100,-0.614,8.129,4.908
23.550,-34.950,10.650,-0.537,8.052,4.985
24.750,-35.850,11.850,-0.537,8.052,5.138
25.500,-37.200,14.100,-0.844,7.976,5.138
26.100,-38.400,14.550,-0.537,8.052,5.138
26.550,-40.800,17.400,-0.307,8.206,5.138
26.100,-41.400,19.200,-0.690,8.129,4.985
25.200,-42.750,21.000,-0.844,8.206,4.985
26.100,-43.800,22.650,-0.307,8.206,4.831
24.600,-45.150,24.000,-0.537,8.206,5.061
22.650,-45.600,24.600,-0.767,8.129,4.755
22.050,-47.100,27.450,-0.460,8.206,5.215
20.250,-47.850,27.300,-0.460,8.206,5.215
19.800,-48.300,29.100,-0.614,8.359,4.831
18.150,-49.650,30.450,0.000,7.669,4.755
15.450,-51.000,31.800,-1.150,8.052,4.831
13.650,-51.150,32.400,-0.307,8.742,4.985
11.700,-52.200,34.650,-0.153,8.359,5.215
8.250,-52.200,35.400,-0.230,8.359,4.064
4.650,-52.350,34.950,-0.767,8.666,4.448
-0.450,-53.400,34.950,-0.383,8.589,4.678
-2.700,-52.050,34.950,0.077,7.976,4.601
-5.850,-51.600,33.900,-0.460,8.512,4.831
-9.450,-51.300,33.450,-0.230,8.512,3.988
-11.700,-50.550,33.150,-1.457,8.666,3.068
-13.500,-49.950,35.550,-1.150,8.666,4.448
-15.750,-49.500,39.300,-0.537,9.663,3.068
-17.250,-48.300,40.800,-0.997,9.356,2.837
-17.250,-48.150,40.050,-0.230,9.509,1.074
-17.850,-48.750,37.950,-0.307,9.509,1.074
-18.150,-47.100,34.800,-0.460,9.663,1.227
-16.800,-46.500,31.200,-0.460,9.586,1.457
-15.600,-46.050,27.450,-0.383,9.663,1.534
-14.400,-45.750,24.900,-0.537,9.433,1.304
-13.200,-44.550,23.400,-0.460,9.586,1.227
-11.850,-43.650,20.550,-0.383,9.509,0.997
-7.950,-43.200,18.300,-0.537,9.663,1.227
-5.250,-43.350,16.200,-0.383,9.586,1.534
-1.950,-42.600,15.300,-0.460,9.433,1.610
0.300,-40.800,13.800,-0.614,9.433,1.841
3.150,-40.950,13.950,-0.230,9.433,2.224
6.150,-41.550,14.250,-0.383,9.509,1.994
8.850,-40.200,13.350,-0.614,9.433,2.301
12.900,-41.550,14.700,-0.614,9.356,1.917
15.300,-40.500,16.350,-0.460,9.356,2.301
17.700,-40.050,15.900,-0.690,9.509,1.994
20.550,-40.800,17.700,-0.460,9.433,2.607
22.500,-40.050,18.750,-1.074,9.356,2.147
23.850,-40.800,20.550,-0.614,9.509,2.377
25.650,-43.050,22.650,-0.844,9.356,2.377
26.400,-42.450,24.900,-1.150,9.279,2.377
26.850,-43.350,28.050,-0.844,9.356,2.454
26.700,-43.950,30.600,-0.690,9.356,2.071
27.000,-45.000,33.600,-0.077,9.049,2.301
26.700,-45.150,34.200,-0.460,8.819,3.144
25.650,-45.900,36.300,-1.150,9.279,3.374
22.350,-48.000,37.350,-1.534,9.509,2.991
20.700,-48.600,40.350,-0.844,8.972,2.147
19.200,-50.100,42.900,-0.460,9.279,2.224
16.350,-49.950,42.600,-0.153,9.433,2.684
14.250,-51.300,44.250,-0.307,9.203,2.837
11.550,-52.800,44.850,-0.690,8.972,2.531
9.150,-52.350,45.750,-0.230,9.356,3.298
6.450,-52.800,46.650,-0.077,9.279,3.221
4.050,-52.500,46.800,-0.614,9.356,2.607
1.350,-52.650,47.100,-0.537,9.203,2.607
-2.400,-53.400,46.650,-0.383,9.279,2.531
-5.100,-52.500,45.450,-0.537,9.126,2.454
-7.650,-51.900,43.500,-0.460,9.586,2.837
-9.900,-51.750,43.050,-0.383,9.049,2.914
-11.850,-50.850,40.800,-0.997,8.896,2.684
-13.650,-50.550,38.550,-0.307,9.433,3.144
-15.300,-49.950,36.900,-0.230,9.663,2.531
-16.050,-49.350,35.100,-0.767,9.279,2.684
-17.250,-47.850,31.500,-0.383,8.972,2.071
-17.700,-47.400,29.550,-0.767,9.126,3.144
-19.350,-45.600,25.200,-0.460,9.356,3.988
-18.000,-42.600,19.200,-0.537,8.589,5.675
-18.300,-37.650,11.250,-0.230,8.436,4.295
-17.550,-32.550,5.250,-1.150,7.669,5.522
-16.200,-24.450,-1.050,-1.457,5.752,8.589
-13.650,-13.050,-6.150,-0.690,4.678,8.742
-10.800,-0.750,-7.800,-1.534,2.531,8.206
-10.200,4.800,-7.650,-0.307,1.227,9.586
-8.250,7.800,-7.350,0.000,0.997,9.816
-7.950,11.100,-6.750,0.000,0.767,8.896
-6.300,13.650,-6.300,0.307,0.460,9.279
-2.700,16.200,-5.700,-0.307,0.460,9.739
1.950,17.100,-5.700,-0.230,0.230,9.816
4.650,18.150,-4.650,-0.307,0.077,9.586
6.300,18.300,-5.100,-0.230,0.000,9.816
8.850,16.650,-4.200,-0.307,0.077,9.509
11.250,16.050,-4.950,-0.383,0.077,9.663
14.850,14.250,-4.350,-0.460,-0.307,9.893
17.700,12.450,-5.100,-0.153,0.077,9.509
18.750,10.800,-5.400,-0.460,0.307,9.816
20.250,8.250,-5.400,-0.307,0.767,9.356
21.150,5.850,-6.450,-0.537,0.767,9.509
22.350,2.400,-5.700,0.383,0.920,9.663
24.300,1.950,-6.000,-0.153,0.537,9.126
24.300,-0.600,-5.250,-0.614,0.383,9.893
26.400,-4.050,-5.400,-1.150,0.230,9.969
25.500,-6.600,-5.700,-0.537,0.844,9.739
24.300,-10.200,-5.400,-0.844,0.767,9.816
23.250,-11.550,-6.300,-0.460,0.997,9.356
22.350,-13.650,-5.700,0.000,0.844,9.203
20.700,-15.450,-5.550,-0.460,0.537,10.506
19.200,-16.500,-6.750,-0.230,0.537,10.123
19.800,-19.050,-6.300,0.537,0.383,8.512
16.350,-20.700,-6.150,-0.920,0.844,10.276
16.650,-21.750,-6.000,-0.230,0.844,9.203
14.550,-22.500,-5.700,0.077,0.997,9.433
13.200,-23.250,-6.750,0.153,0.997,9.509
11.250,-25.050,-5.700,0.000,0.844,9.356
9.150,-26.400,-6.000,-0.537,1.074,9.433
5.100,-26.550,-6.000,-0.230,1.074,9.816
3.900,-28.200,-5.700,-0.153,1.074,9.739
0.300,-28.050,-5.700,-0.614,1.227,9.433
-2.250,-28.350,-5.100,-0.997,1.764,9.816
-5.250,-27.450,-5.400,-0.690,1.687,9.356
-8.250,-26.400,-5.850,-0.153,1.380,9.356
-10.800,-24.300,-5.400,0.000,1.074,9.586
-13.950,-22.050,-6.450,-0.460,0.844,9.663
-16.200,-20.550,-5.700,-0.460,0.767,9.509
-18.150,-17.850,-6.900,-0.153,0.614,9.356
-19.350,-14.250,-6.750,-0.230,0.844,9.433
-20.100,-12.000,-6.450,-0.614,1.457,9.816
-18.900,-9.600,-5.850,-0.460,1.687,9.433
-19.500,-7.650,-6.300,-0.153,1.687,9.203
-18.300,-5.400,-6.450,-0.077,1.687,9.279
-18.450,-1.950,-7.200,-0.230,1.687,9.279
-16.800,0.900,-7.650,-0.460,1.380,9.509
-13.350,3.150,-8.100,-0.230,1.380,9.433
-12.000,4.500,-7.950,-0.153,1.457,9.279
-9.300,6.600,-8.100,-0.537,1.764,9.509
-5.250,7.950,-8.100,-0.537,1.841,9.203
-2.700,8.550,-8.250,-0.460,1.841,9.203
-0.150,9.000,-7.950,-0.460,1.917,9.279
3.150,8.850,-8.250,-0.230,1.764,9.433
6.150,8.550,-6.900,-0.383,1.764,9.433
9.150,8.250,-7.800,-0.460,1.764,9.663
12.450,6.600,-6.000,-0.153,1.764,9.969
15.000,5.100,-7.200,-0.460,2.147,9.433
17.400,3.600,-6.000,-0.537,2.071,9.049
19.350,1.800,-5.400,-0.614,2.147,9.203
20.850,-0.450,-6.150,-0.460,2.071,9.433
22.800,-2.250,-5.850,-0.537,2.224,9.663
24.450,-3.900,-4.650,-0.537,2.147,9.433
24.600,-6.300,-4.350,-0.614,2.147,9.433
24.750,-9.150,-4.800,-0.537,2.147,9.279
25.350,-12.450,-3.450,-0.614,2.224,9.203
25.650,-13.950,-4.050,-0.537,2.224,9.279
25.500,-16.050,-3.900,-0.614,2.301,9.433
24.150,-17.400,-3.450,-0.537,2.224,9.279
23.700,-19.650,-3.000,-0.460,2.147,9.356
22.350,-22.050,-2.850,-0.307,2.301,9.049
20.850,-24.900,-2.100,-0.383,2.454,9.279
18.450,-26.700,-2.400,-0.767,2.531,9.509
17.700,-27.450,-1.950,0.077,2.531,9.203
16.500,-29.700,-1.950,-0.077,2.454,8.589
13.350,-31.350,-1.500,-0.460,2.377,9.433
10.650,-31.950,-1.200,-0.383,1.994,9.586
9.000,-31.350,-0.750,-0.537,2.377,9.356
6.450,-33.600,-2.250,-0.383,2.607,8.972
4.050,-33.000,-1.650,-0.230,2.377,9.356
1.950,-33.300,-1.950,0.000,2.531,9.126
-0.750,-32.700,-2.700,-0.307,2.301,9.356
-2.850,-32.850,-1.950,0.000,2.224,9.433
-4.500,-31.650,-2.850,-0.537,2.301,7.592
-4.950,-31.500,-3.150,0.077,2.454,8.666
-6.150,-31.950,-3.300,-0.383,2.224,9.203
-8.400,-30.300,-2.100,-0.537,2.377,9.586
-10.500,-29.400,-2.700,-0.537,2.301,9.433
-12.150,-29.100,-3.150,-0.230,2.301,9.279
-13.200,-27.600,-3.450,-0.230,2.531,9.126
-14.850,-27.450,-3.300,-0.230,2.531,9.203
-15.450,-26.250,-3.150,-0.153,2.377,9.049
-15.000,-25.500,-3.300,-0.153,2.531,9.203
-17.850,-23.850,-3.750,-0.383,2.531,9.356
-18.150,-21.900,-3.900,-0.383,2.531,9.433
-18.450,-20.850,-4.500,-0.077,2.531,9.279
-19.200,-20.700,-3.750,-0.307,2.454,9.279
-19.050,-17.550,-3.900,-0.383,2.607,9.049
-19.800,-16.650,-5.400,-0.383,2.607,8.896
-20.550,-15.750,-5.250,-0.383,2.377,9.203
-20.100,-13.350,-5.850,-0.230,2.607,8.819
-19.650,-12.150,-5.850,-0.460,2.454,9.279
-18.900,-9.600,-6.300,-0.383,2.454,9.509
-18.450,-8.550,-6.450,-0.230,2.454,9.356
-18.000,-7.050,-6.600,-0.307,2.684,9.433
-17.400,-6.000,-7.200,-0.230,2.531,8.972
-16.350,-4.500,-6.450,-0.307,2.454,8.742
-16.050,-3.600,-7.950,-0.460,2.531,9.586
-12.600,0.750,-7.500,-0.153,2.301,9.203
-10.950,1.350,-7.500,-0.383,2.301,9.279
-9.750,2.850,-7.500,-0.153,2.377,9.356
-9.450,3.300,-7.650,-0.383,2.531,9.049
-9.000,4.350,-7.800,-0.307,2.377,9.126
-6.600,4.050,-7.800,-0.307,2.531,9.203
-4.950,4.800,-7.950,-0.230,2.377,9.356
-3.600,5.550,-7.800,-0.383,2.607,9.279
-2.700,6.000,-8.400,-0.153,2.454,9.126
-0.450,6.150,-7.350,-0.383,2.531,9.126
1.200,5.550,-8.100,-0.307,2.377,9.279
3.000,6.750,-7.650,-0.307,2.531,9.433
3.450,5.400,-8.250,-0.307,2.531,8.896
6.300,6.000,-7.350,-0.307,2.607,8.819
6.900,6.000,-7.350,-0.460,2.531,9.279
8.700,5.400,-7.650,-0.230,2.607,9.126
10.500,4.800,-7.650,-0.383,2.531,8.972
10.650,4.800,-7.500,-0.077,2.607,9.663
12.600,4.050,-7.050,-0.077,2.531,9.203
13.200,3.600,-6.600,-0.307,2.531,9.509
13.950,2.550,-7.200,-0.077,2.531,9.509
15.450,2.400,-7.200,-0.460,2.607,9.356
16.050,1.800,-6.600,-0.460,2.607,9.203
17.850,1.200,-5.700,-0.383,2.531,8.972
18.450,0.000,-6.750,-0.383,2.684,9.049
18.600,-0.300,-6.750,-0.614,2.684,9.049
19.800,-0.300,-6.150,-0.383,2.684,9.203
20.100,-1.050,-5.700,-0.460,2.761,9.203
21.000,-2.400,-5.250,-0.383,2.684,9.049
21.150,-3.750,-5.250,-0.383,2.761,9.203
21.300,-3.600,-5.850,-0.460,2.761,9.126
21.150,-4.650,-4.950,-0.383,2.607,9.126
23.100,-5.700,-5.850,-0.537,2.607,9.049
22.950,-6.000,-4.950,-0.537,2.607,9.433
23.250,-6.150,-5.400,-0.383,2.684,9.356
23.700,-7.350,-4.200,-0.460,2.684,9.279
24.300,-7.650,-4.650,-0.537,2.761,9.126
24.300,-8.850,-4.950,-0.383,2.761,9.049
24.900,-9.150,-4.500,-0.307,2.684,9.279
25.050,-10.800,-4.200,-0.460,2.837,9.126
24.300,-10.350,-4.650,-0.460,2.761,9.126
24.750,-11.400,-3.900,-0.460,2.837,9.126
24.750,-11.100,-3.750,-0.383,2.837,9.356
24.900,-12.450,-4.200,-0.383,2.761,9.203
25.050,-13.200,-4.200,-0.460,2.837,9.203
24.600,-13.200,-3.450,-0.383,2.761,9.203
25.050,-14.250,-3.150,-0.460,2.837,9.126
24.450,-14.850,-3.900,-0.307,2.684,9.279
25.500,-14.700,-3.450,-0.383,2.761,9.509
24.600,-15.450,-3.600,-0.307,2.684,9.279
24.600,-15.900,-3.750,-0.307,2.761,9.203
24.300,-16.800,-3.150,-0.383,2.914,9.203
25.350,-15.600,-2.400,-0.307,2.761,9.203
24.750,-17.100,-3.000,-0.307,2.914,9.126
24.900,-17.400,-3.000,-0.383,2.837,9.203
23.850,-17.250,-3.000,-0.460,2.837,9.279
23.550,-16.800,-2.850,-0.307,2.837,9.203
25.200,-17.700,-3.000,-0.307,2.837,9.356
25.050,-18.000,-3.900,-0.307,2.837,9.126
24.450,-18.750,-2.550,-0.383,2.914,9.203
23.850,-18.450,-3.750,-0.307,2.914,9.203
24.300,-18.450,-3.600,-0.307,2.684,9.279
24.750,-19.650,-1.950,-0.307,2.914,8.972
24.150,-19.050,-2.850,-0.383,2.837,9.509
23.700,-19.650,-3.150,-0.383,2.837,9.126
24.150,-19.350,-2.550,-0.537,2.837,8.819
24.300,-19.950,-2.250,-0.537,2.837,8.742
24.900,-19.650,-1.800,-0.383,2.837,9.356
24.900,-19.500,-2.850,-0.460,2.837,9.126
23.550,-20.250,-2.700,-0.383,2.761,9.126
24.300,-20.700,-2.700,-0.460,2.914,9.049
23.850,-20.100,-2.550,-0.460,2.914,9.126
25.200,-20.400,-2.400,-0.460,2.761,9.203
24.150,-20.550,-2.850,-0.460,2.914,9.279
24.450,-20.700,-2.250,-0.307,2.914,9.049
24.600,-19.350,-3.750,-0.307,2.914,9.049
23.400,-19.050,-2.550,-0.537,2.914,9.126
23.700,-20.100,-2.250,-0.614,2.991,8.972
24.300,-20.700,-1.950,-0.383,2.837,9.126
23.850,-19.800,-2.250,-0.460,2.837,9.126
24.450,-19.650,-2.250,-0.460,2.991,9.203
24.150,-19.950,-1.950,-0.307,2.991,9.509
23.100,-19.950,-2.250,-0.460,2.837,8.972
23.550,-20.400,-2.700,-0.690,2.914,8.972
23.700,-19.350,-2.700,-0.383,2.837,9.509
24.000,-20.550,-2.400,-0.153,2.914,8.896
24.900,-20.250,-2.550,-0.614,2.837,9.356
23.400,-19.800,-2.100,-0.153,2.914,9.126
24.150,-20.850,-3.150,-0.537,2.991,9.356
24.150,-20.250,-2.100,-0.460,2.991,9.049
23.250,-20.250,-2.850,-0.460,2.837,9.049
23.850,-19.650,-1.950,-0.537,2.837,9.049
23.400,-20.700,-2.250,-0.537,2.684,9.356
24.450,-20.250,-1.950,-0.307,2.761,9.356
24.300,-19.650,-3.000,-0.537,2.761,9.126
23.550,-19.500,-3.000,-0.690,2.684,9.279
23.700,-19.650,-3.600,-0.537,3.068,9.509
24.450,-19.200,-2.850,-0.153,2.991,9.049
24.750,-19.650,-3.150,-0.383,2.991,8.896
24.600,-18.300,-2.400,-0.230,2.837,9.049
24.750,-18.300,-2.250,-0.307,2.914,9.126
23.400,-17.100,-2.850,-0.230,2.914,9.203
23.850,-16.950,-3.150,-0.230,2.837,9.203
24.750,-16.350,-1.950,-0.230,2.914,8.972
25.350,-16.350,-3.000,-0.230,2.837,9.433
25.200,-14.850,-3.600,-0.153,2.837,8.972
24.750,-13.950,-3.450,-0.230,2.761,9.279
24.300,-13.200,-4.650,-0.614,2.837,8.896
25.650,-12.300,-3.450,-0.460,2.991,8.512
24.450,-13.050,-3.750,-0.537,3.451,8.666
24.900,-14.850,-3.300,-0.307,3.988,9.126
23.700,-15.300,-2.700,-0.460,4.448,8.129
23.250,-16.950,-1.800,-0.614,4.985,9.126
22.500,-18.600,-2.400,-0.460,5.215,7.976
21.750,-18.150,-2.400,-0.383,5.215,7.745
20.550,-17.550,-3.000,-0.920,5.522,7.976
19.350,-17.700,-3.600,-0.460,5.828,7.439
17.700,-16.500,-4.050,-0.153,5.752,7.592
16.050,-16.050,-4.050,-0.537,5.675,7.209
13.650,-16.050,-4.500,-0.997,5.828,7.362
12.150,-15.150,-4.050,-0.614,6.058,7.362
10.500,-15.900,-5.400,-0.230,6.058,7.285
9.000,-15.900,-4.800,-0.153,6.135,7.362
6.750,-14.700,-6.750,-0.690,6.212,7.285
5.700,-15.900,-5.700,-0.690,6.135,7.209
4.200,-15.300,-6.450,-0.077,6.212,7.209
2.250,-15.000,-5.850,-0.307,6.288,7.285
0.150,-15.000,-6.450,-0.460,6.058,7.209
-1.350,-15.600,-5.400,-0.614,6.058,7.285
-3.300,-15.900,-5.250,-0.153,5.982,7.362
-5.550,-16.050,-5.250,-0.383,6.212,7.209
-6.300,-16.650,-5.400,-0.690,6.135,7.132
-7.950,-16.500,-5.700,-0.383,6.135,7.285
-9.450,-17.400,-4.950,-0.460,6.212,7.439
-11.400,-17.250,-3.750,-0.383,6.058,7.209
-12.000,-19.200,-4.200,-0.383,6.212,7.515
-13.650,-19.200,-3.300,-0.460,6.058,7.285
-13.800,-21.300,-2.400,-0.383,6.058,7.285
-14.850,-21.150,-2.700,-0.383,5.982,7.362
-15.600,-21.750,-2.100,-0.460,5.982,7.439
-16.800,-23.400,-1.200,-0.537,6.135,7.439
-17.400,-23.100,-0.900,-0.230,6.135,7.362
-17.850,-25.350,-0.150,-0.383,6.135,7.209
-17.850,-26.850,0.600,-0.537,6.058,7.209
-18.000,-27.450,0.600,-0.537,6.058,7.132
-19.200,-27.900,1.800,-0.460,6.058,7.439
-19.650,-28.950,2.250,-0.383,6.135,7.362
-19.800,-28.500,3.300,-0.537,5.905,7.055
-19.500,-30.150,2.850,-0.153,6.058,7.439
-19.350,-29.700,3.150,-0.383,5.522,7.669
-19.800,-28.650,1.500,-0.077,5.291,7.669
-21.000,-27.900,1.650,-0.383,5.138,8.359
-19.650,-26.550,0.450,-0.460,4.678,8.512
-19.650,-25.650,-1.050,-0.383,4.371,8.512
-18.900,-25.050,-1.950,-0.383,3.758,9.126
-19.050,-23.400,-2.400,-0.383,3.528,8.436
-17.850,-24.300,-1.950,-0.383,3.374,9.356
-17.850,-24.750,-2.700,-0.307,3.528,8.742
-18.300,-24.750,-3.600,-0.383,3.144,9.279
-17.400,-24.000,-2.700,-0.307,2.914,9.049
-18.000,-24.300,-3.450,-0.383,2.914,9.586
-17.250,-24.000,-2.850,-0.307,2.761,9.126
-16.350,-23.850,-3.600,-0.307,2.761,9.279
-16.800,-25.950,-3.150,-0.460,2.607,9.126
-15.750,-24.300,-4.500,-0.460,2.684,9.203
-15.450,-25.500,-3.900,-0.460,2.761,9.049
-14.250,-24.150,-4.200,-0.614,2.607,8.742
-13.350,-24.300,-4.950,-0.307,1.917,9.509
-14.850,-23.100,-4.500,-0.460,1.687,9.816
-13.950,-21.900,-6.150,-0.614,1.380,9.356
-12.600,-19.650,-7.200,-0.767,1.227,9.509
-12.150,-20.550,-7.650,-0.460,0.844,9.049
-11.400,-17.850,-7.200,-0.614,0.537,8.896
-11.700,-18.900,-7.950,-0.767,0.844,9.739
-12.450,-17.700,-8.250,-0.844,0.460,9.586
-10.200,-19.200,-7.950,-0.537,0.690,8.972
-9.900,-22.950,-5.700,-1.534,1.687,8.742
-11.850,-27.150,-3.750,-0.920,2.761,9.049
-11.400,-31.500,-0.150,-0.997,3.911,9.433
-12.000,-36.750,3.150,-0.383,4.601,8.666
-12.900,-39.450,7.950,-0.230,5.291,8.436
-13.200,-41.100,9.450,-0.690,5.982,7.822
-13.500,-43.950,12.750,-0.460,6.595,6.902
-13.200,-44.850,15.900,-0.307,6.902,6.595
-13.800,-45.450,17.700,-0.460,7.362,6.212
-13.350,-46.350,19.050,-0.460,7.285,5.675
-13.800,-47.250,19.650,-0.383,7.285,5.675
-13.350,-47.100,21.150,-0.460,7.592,5.905
-13.650,-46.950,22.050,-0.537,7.822,5.598
-13.350,-48.450,22.950,-0.230,7.976,5.368
-14.250,-48.300,25.050,-0.460,8.206,4.908
-14.250,-49.050,26.250,-0.537,8.282,4.908
-14.250,-48.900,27.000,-0.383,8.436,4.448
-14.850,-49.350,27.750,-0.307,8.589,4.525
-14.250,-49.200,28.050,-0.460,8.666,4.371
-14.400,-48.600,29.550,-0.307,8.512,4.831
-15.150,-48.750,28.050,-0.307,8.512,4.755
-14.400,-49.950,28.200,-0.230,8.359,4.525
-15.150,-47.850,28.350,-0.230,8.436,4.295
-14.850,-48.450,26.700,0.000,8.206,4.678
-16.200,-47.700,25.050,-0.153,8.359,5.215
-16.650,-47.400,25.800,0.307,8.052,5.061
-17.700,-47.250,25.500,0.153,7.976,5.291
-17.100,-46.800,24.900,0.383,7.899,5.445
-16.650,-47.700,22.650,-0.153,8.282,5.828
-14.250,-46.500,20.400,-0.230,7.592,6.212
-13.050,-46.650,17.700,-0.997,7.822,5.061
-12.300,-45.300,15.300,-2.377,7.592,4.831
-9.900,-45.900,15.000,-2.224,7.899,5.061
-8.250,-45.300,14.550,-2.607,7.899,5.215
-5.100,-45.750,14.250,-2.377,7.822,3.758
-4.500,-46.950,13.800,-2.837,8.052,3.758
-3.900,-46.350,15.000,-3.144,8.052,4.064
-3.600,-46.950,14.550,-3.604,8.206,3.834
-2.100,-46.350,15.150,-3.528,8.206,3.758
-0.450,-46.800,14.100,-3.374,8.359,2.837
0.150,-47.250,15.300,-3.068,8.282,2.071
1.200,-47.100,15.900,-3.451,8.436,2.914
0.750,-46.800,15.600,-3.374,8.742,2.454
1.650,-47.100,15.900,-3.451,8.666,2.071
-0.300,-46.650,15.450,-3.298,8.589,1.687
-0.750,-47.100,16.950,-2.991,8.666,1.457
-1.050,-48.150,17.700,-3.144,9.049,1.457
-1.950,-48.150,18.000,-3.451,9.203,1.074
-1.950,-48.600,18.450,-2.837,8.896,1.227
-2.100,-48.000,19.200,-3.144,9.049,1.764
-4.200,-49.200,18.000,-2.837,9.279,0.844
-4.650,-48.450,19.200,-2.684,9.356,1.687
-5.400,-47.850,17.850,-2.301,9.126,0.997
-6.900,-47.700,18.450,-2.301,9.126,1.227
-6.600,-46.050,16.950,-2.071,9.203,1.841
-6.600,-46.500,16.050,-1.841,9.203,1.917
-6.750,-45.750,15.150,-2.454,9.356,1.534
-6.900,-44.850,14.100,-2.454,9.203,1.687
-5.250,-43.650,11.400,-1.764,8.819,2.301
-4.650,-43.350,11.700,-1.917,9.663,2.531
-3.000,-42.300,9.450,-2.454,9.433,2.301
-3.450,-42.300,8.700,-1.304,9.203,1.610
-3.150,-40.350,7.650,-1.687,9.203,2.147
-0.900,-39.750,7.500,-0.844,8.512,2.607
0.900,-38.850,6.450,-1.610,9.433,2.377
2.400,-38.100,5.850,-2.454,9.049,2.761
5.700,-38.100,5.850,-1.380,8.896,2.914
6.750,-36.300,4.950,-1.457,9.356,2.761
10.200,-37.350,6.900,-1.534,9.126,2.224
9.900,-36.600,6.600,-1.764,9.279,2.224
12.300,-36.600,7.350,-1.304,9.049,2.531
14.400,-34.950,7.650,-1.457,8.896,2.761
16.500,-36.000,8.850,-1.534,9.049,2.991
18.150,-35.400,8.400,-1.687,9.126,2.914
19.950,-35.250,10.200,-1.610,9.356,2.914
22.500,-36.750,10.800,-1.534,9.203,2.837
24.150,-36.450,13.050,-1.380,9.049,2.684
24.900,-37.050,14.550,-1.457,9.049,2.607
25.950,-36.750,16.050,-1.534,9.126,2.531
27.450,-37.500,17.550,-1.610,8.972,2.837
28.050,-37.200,19.200,-1.687,9.203,2.914
28.800,-37.650,21.150,-1.457,9.049,2.607
29.250,-39.300,22.200,-1.610,9.126,2.684
29.400,-39.750,23.700,-1.534,9.126,2.607
29.100,-39.450,24.450,-1.534,9.203,2.607
28.050,-41.100,27.000,-1.534,9.203,2.607
29.250,-40.500,28.350,-1.534,9.049,2.684
29.250,-41.400,29.250,-1.534,9.203,2.684
28.050,-41.550,30.900,-1.380,9.049,2.454
28.500,-41.850,32.850,-1.457,9.126,2.761
27.300,-43.500,33.900,-1.457,9.126,2.684
26.250,-43.650,33.450,-1.534,9.279,2.531
25.650,-44.550,35.850,-1.534,9.126,2.761
24.600,-45.000,36.000,-1.610,9.126,2.607
23.700,-44.550,37.650,-1.610,9.126,2.454
22.800,-46.200,37.800,-1.457,9.203,2.607
21.900,-47.400,39.000,-1.457,9.279,2.761
20.250,-48.000,39.750,-1.380,9.049,2.684
18.600,-48.000,40.050,-1.227,9.126,2.454
16.500,-48.900,41.400,-1.380,9.356,2.454
16.350,-49.200,41.550,-1.534,9.049,2.454
15.750,-48.900,41.550,-0.997,9.049,2.837
13.650,-50.100,43.200,-1.074,9.356,2.607
13.500,-50.700,42.150,-1.380,9.509,2.454
10.950,-51.900,42.450,-1.457,9.356,2.837
10.500,-50.250,43.050,-1.074,8.742,2.914
9.450,-51.000,42.300,-1.227,9.203,2.684
8.400,-50.250,42.900,-1.150,9.356,2.684
7.650,-51.450,41.850,-1.227,9.433,2.837
6.300,-51.450,43.050,-1.380,9.203,2.607
5.700,-51.000,42.600,-1.150,9.126,2.377
3.900,-50.700,43.350,-1.380,9.356,2.071
2.250,-51.750,42.150,-1.610,9.203,2.147
1.050,-51.750,41.850,-1.534,9.203,2.377
-1.950,-52.050,40.800,-1.687,9.279,2.301
-4.500,-51.600,39.600,-1.304,9.203,2.837
-5.850,-51.750,38.850,-1.534,9.433,2.684
-8.100,-50.700,37.200,-1.150,9.049,2.837
-10.350,-51.000,37.350,-1.150,9.049,2.607
-12.300,-50.850,35.250,-0.920,9.049,2.914
-14.100,-50.100,34.650,-0.920,9.126,2.454
-15.000,-50.250,33.450,-1.227,9.126,2.684
-15.600,-49.350,32.400,-1.074,9.279,2.147
-18.150,-49.650,31.500,-1.150,9.433,2.224
-17.850,-48.900,30.900,-0.767,9.279,1.687
-19.800,-48.000,30.150,-0.920,9.356,1.610
-19.950,-45.900,27.900,-0.537,9.356,2.301
-18.900,-47.100,26.700,-1.150,9.739,2.454
-18.000,-46.650,23.100,-1.074,9.203,2.224
-15.300,-44.550,18.900,-1.687,9.356,3.068
-10.350,-44.400,14.700,-1.994,9.049,3.604
-6.600,-42.150,10.050,-2.224,8.436,3.298
-2.550,-40.800,7.650,-3.681,8.282,4.525
2.850,-39.000,4.950,-3.758,7.132,3.988
8.400,-36.450,2.100,-4.448,6.518,4.295
15.450,-34.350,2.850,-5.138,6.212,4.601
24.150,-32.850,5.250,-6.672,6.058,4.601
30.300,-29.700,7.050,-6.365,5.598,2.684
37.950,-29.250,11.550,-8.359,5.522,1.227
43.950,-24.750,15.900,-8.512,5.522,0.767
48.750,-19.050,16.050,-8.589,5.368,-0.077
49.650,-11.850,14.400,-8.129,3.451,0.920
48.750,-6.300,11.700,-9.279,1.227,2.684
48.900,-2.850,12.150,-9.509,0.844,2.761
47.550,1.500,10.800,-8.359,-0.077,3.144
47.100,2.850,10.650,-8.512,-0.153,2.837
48.150,6.450,12.300,-8.972,-0.077,3.068
48.300,8.850,13.350,-9.203,-0.230,2.684
49.050,11.100,14.400,-8.896,-0.460,2.684
49.500,13.650,16.800,-8.896,-0.690,2.377
50.850,16.500,18.900,-9.049,-0.767,1.764
51.450,17.400,19.800,-8.896,-0.767,1.534
52.500,17.850,22.050,-9.203,-0.844,1.457
52.650,19.050,23.250,-9.356,-0.767,1.610
53.700,19.350,23.250,-9.126,-0.614,1.994
52.950,20.250,24.900,-9.203,-0.614,2.224
54.000,20.850,25.500,-9.433,-0.614,1.764
53.250,19.350,25.500,-9.126,-0.537,1.841
53.250,19.650,27.000,-9.126,-0.230,1.917
54.750,20.400,28.200,-9.816,0.383,2.224
54.900,21.900,29.400,-9.509,-0.153,2.761
55.200,22.050,31.050,-9.663,-0.307,2.377
56.100,21.150,31.200,-9.049,-0.614,3.374
57.000,18.750,31.950,-10.200,0.767,2.531
57.300,20.550,34.050,-8.282,-0.460,2.377
57.600,20.250,34.800,-9.433,0.000,2.224
57.450,19.800,35.700,-8.666,-0.614,1.917
58.200,20.250,37.350,-10.046,0.307,1.227
59.850,18.000,38.100,-9.203,1.304,2.147
59.550,19.500,39.750,-9.433,0.920,0.920
60.000,18.000,39.300,-9.586,0.153,2.224
59.850,16.800,40.350,-9.739,0.460,2.301
60.300,17.250,42.900,-9.433,-0.460,1.150
61.200,14.850,43.050,-9.279,-0.460,1.610
61.500,12.450,44.400,-9.049,0.230,1.764
62.700,11.700,46.200,-9.279,0.307,2.071
63.450,9.750,47.250,-9.126,0.153,2.761
64.200,8.100,47.700,-9.433,0.230,2.991
64.200,5.700,48.300,-9.126,0.307,2.454
64.500,2.100,49.950,-9.203,0.844,2.301
64.050,0.300,50.100,-8.742,1.150,2.377
64.950,-1.950,50.850,-8.666,1.074,2.377
63.750,-4.800,50.100,-8.819,0.614,3.144
64.500,-6.450,50.700,-9.049,0.230,3.298
63.900,-9.600,48.900,-8.972,0.077,3.374
61.950,-12.450,48.600,-8.972,0.460,2.684
61.950,-14.100,48.300,-9.049,0.997,2.531
61.200,-16.950,47.700,-8.896,0.844,2.377
59.550,-19.200,45.450,-8.819,0.690,2.377
59.250,-21.150,44.400,-8.896,0.614,2.607
57.750,-21.600,41.850,-8.896,0.767,2.914
57.000,-24.150,39.450,-9.049,0.614,2.914
56.850,-24.900,35.850,-8.972,0.537,2.684
55.500,-25.950,35.100,-8.972,0.614,2.607
54.450,-25.650,31.500,-8.896,0.690,2.531
53.100,-26.550,30.300,-9.049,0.537,2.454
51.150,-26.100,28.050,-8.896,0.307,2.147
51.600,-27.300,26.250,-8.972,0.460,2.224
50.250,-27.000,25.050,-8.589,0.614,3.528
47.850,-27.900,23.550,-8.896,1.380,3.144
47.250,-27.150,21.150,-9.203,1.917,2.991
46.800,-26.400,19.050,-8.896,1.380,2.684
46.800,-24.750,18.300,-8.742,1.534,2.607
45.750,-22.800,16.950,-8.896,1.610,2.607
45.450,-20.850,15.450,-8.819,1.687,2.071
45.750,-19.350,14.100,-8.972,1.610,2.607
46.050,-17.250,12.600,-9.126,1.610,2.147
45.900,-14.550,12.900,-8.896,1.534,2.147
46.200,-13.200,11.850,-8.819,1.534,2.224
47.400,-10.050,11.700,-8.972,1.764,2.991
47.100,-7.500,11.250,-9.049,1.227,2.147
47.550,-5.850,12.600,-8.896,1.380,2.071
48.150,-3.750,12.150,-8.972,1.994,1.994
48.000,-0.900,12.300,-8.972,1.457,2.147
50.400,4.050,16.050,-8.972,1.610,2.607
51.750,5.250,17.550,-8.896,1.610,2.454
52.500,6.600,18.600,-8.896,1.687,2.607
53.700,7.800,19.500,-8.972,1.610,2.454
55.350,10.050,21.150,-8.972,1.610,2.377
54.900,10.350,22.050,-8.819,1.841,2.377
56.100,11.250,24.000,-8.896,1.610,2.684
55.350,12.600,25.500,-8.819,1.534,2.224
57.750,11.550,27.750,-8.896,1.534,2.531
58.050,11.850,28.500,-8.819,1.534,2.531
60.150,11.550,30.150,-8.972,1.457,2.454
60.300,12.000,31.500,-8.972,1.534,2.607
59.700,11.850,32.550,-8.742,1.687,2.607
61.350,11.850,35.400,-8.896,1.764,2.531
61.950,12.000,37.500,-8.742,1.917,2.607
61.650,11.250,38.700,-8.742,1.764,2.377
63.150,11.550,40.800,-9.049,1.304,2.531
63.150,10.800,41.700,-9.203,1.074,2.684
63.900,8.850,44.250,-9.049,0.920,2.377
64.500,8.250,44.400,-9.203,0.690,1.994
64.050,4.950,45.300,-8.972,0.767,2.147
64.650,1.800,48.150,-8.742,1.380,2.377
63.900,-0.900,48.450,-8.819,1.687,2.761
64.350,-4.200,50.100,-8.742,1.380,2.837
64.200,-8.250,48.900,-8.819,1.534,2.684
63.900,-11.100,49.800,-8.512,1.917,3.144
62.100,-13.800,47.400,-8.282,1.457,3.374
61.050,-16.800,45.750,-8.666,0.997,4.295
59.700,-21.600,43.950,-8.972,1.227,3.604
57.300,-22.950,41.250,-8.589,1.994,3.681
56.550,-25.650,41.400,-8.282,2.147,3.374
54.900,-27.750,39.300,-8.436,1.841,3.144
52.650,-28.800,36.900,-8.512,2.071,3.298
51.300,-30.750,33.300,-8.512,1.994,3.451
49.350,-31.050,31.350,-8.512,2.301,3.758
48.300,-31.350,27.450,-8.512,1.610,3.604
46.350,-31.200,24.750,-8.436,1.687,3.221
45.450,-29.550,20.550,-8.666,1.227,3.528
45.300,-26.100,16.350,-8.666,1.074,3.451
43.650,-24.000,14.700,-8.742,0.997,3.758
44.700,-20.850,12.000,-8.359,1.150,3.451
43.500,-18.300,10.800,-8.359,1.457,3.528
42.450,-18.750,10.050,-8.129,2.224,3.298
40.350,-20.250,9.600,-7.976,3.221,2.991
36.750,-22.800,8.100,-8.129,3.758,3.604
36.150,-22.500,7.650,-8.666,4.064,3.374
36.300,-21.150,7.800,-7.669,4.601,3.221
38.100,-21.000,9.000,-7.439,5.061,3.451
39.750,-18.000,8.850,-7.055,5.215,3.068
41.400,-16.950,10.200,-7.209,5.215,2.914
43.350,-14.550,11.400,-7.285,4.985,2.991
44.700,-13.350,12.750,-7.209,5.138,3.068
46.950,-12.600,13.650,-7.285,5.061,3.221
49.350,-11.250,15.000,-7.132,5.291,3.221
50.250,-10.200,17.100,-7.132,5.215,2.991
51.750,-9.900,20.250,-7.132,5.215,2.761
52.650,-9.900,20.700,-7.132,5.138,3.068
54.150,-9.150,23.250,-7.055,5.138,3.144
55.350,-8.550,24.750,-7.132,5.368,2.991
56.250,-9.900,27.450,-7.439,5.215,3.298
58.200,-10.200,29.250,-7.132,4.831,3.068
59.550,-11.250,32.700,-7.209,5.291,3.221
59.850,-12.150,36.600,-6.979,5.522,2.914
60.000,-13.650,39.150,-7.055,6.212,2.454
60.000,-14.550,41.400,-6.672,5.598,1.380
59.700,-16.050,41.850,-7.055,5.138,1.457
58.800,-18.300,42.300,-7.285,4.985,2.837
57.000,-22.350,43.650,-7.439,5.752,3.988
57.150,-23.850,45.000,-6.825,5.905,3.068
55.200,-25.650,45.900,-6.518,5.752,2.607
54.000,-28.200,47.250,-7.055,5.445,2.761
52.200,-31.050,47.850,-7.209,5.752,2.684
50.100,-31.650,47.700,-6.902,5.982,2.761
48.750,-33.900,49.200,-6.595,6.365,2.531
47.700,-34.650,49.650,-6.212,6.135,2.684
46.350,-35.850,50.400,-6.672,5.982,2.684
44.250,-38.250,49.050,-7.439,5.828,2.761
41.550,-40.500,47.850,-7.055,5.445,2.531
37.950,-42.900,46.200,-7.209,5.445,1.994
34.350,-44.550,43.500,-6.979,5.598,1.841
31.800,-47.250,41.550,-6.442,6.058,2.071
28.050,-48.300,39.600,-6.135,6.212,2.607
24.300,-48.150,35.400,-6.212,6.595,3.834
22.500,-48.600,31.200,-5.982,6.518,3.604
21.000,-47.550,29.400,-5.828,6.672,3.528
18.300,-48.000,25.950,-6.135,6.749,3.604
16.350,-45.750,23.100,-6.365,6.595,3.221
16.200,-45.600,20.550,-5.828,6.825,3.068
16.800,-44.250,18.300,-5.138,7.055,2.531
18.300,-41.700,16.500,-5.291,7.132,2.684
19.050,-40.050,14.100,-5.905,6.749,3.221
19.800,-38.250,12.600,-5.752,7.055,3.911
23.550,-34.800,11.250,-5.291,7.209,3.374
26.250,-31.800,9.900,-5.215,7.132,2.837
27.750,-29.850,9.450,-6.058,6.365,2.761
30.300,-27.750,8.550,-6.058,6.979,2.914
33.300,-27.000,9.600,-5.598,7.132,3.068
35.100,-24.600,9.750,-5.215,6.979,2.761
37.500,-24.000,11.700,-5.598,6.672,2.991
40.650,-22.050,11.250,-5.675,6.672,2.991
42.000,-21.000,13.050,-5.828,6.902,3.834
42.900,-21.000,15.600,-5.675,6.979,3.528
46.650,-21.750,17.550,-5.598,6.979,2.761
47.550,-20.850,18.750,-5.522,6.902,2.837
48.900,-21.300,22.350,-5.445,7.055,2.607
51.300,-20.400,24.000,-5.215,7.209,2.914
52.050,-21.300,25.950,-5.291,7.209,2.531
53.400,-20.850,28.800,-5.368,7.362,3.144
54.750,-22.500,32.400,-5.291,6.979,2.684
54.600,-23.850,34.950,-5.905,6.749,2.914
53.550,-25.200,35.850,-6.288,6.672,2.761
52.950,-27.600,39.450,-6.135,6.672,2.531
51.900,-27.750,41.100,-5.445,7.132,2.607
51.900,-30.600,43.950,-5.138,7.285,2.684
50.250,-33.900,45.150,-5.138,6.979,2.531
46.650,-35.400,45.000,-5.522,6.595,3.144
44.700,-37.950,45.450,-5.445,6.749,4.525
40.350,-40.650,43.800,-4.371,6.365,4.678
34.500,-45.600,43.950,-4.371,6.212,3.451
23.850,-49.200,44.100,-5.215,8.512,3.374
18.450,-51.000,44.100,-2.607,8.819,2.761
15.750,-51.150,46.500,-2.377,8.972,2.991
12.300,-52.200,45.600,-2.991,8.819,2.837
9.750,-51.900,43.500,-2.991,8.666,2.991
6.750,-52.350,40.050,-3.221,8.666,2.991
4.650,-51.900,38.250,-3.451,8.819,2.837
2.400,-51.600,35.250,-3.144,8.512,2.301
0.900,-50.400,33.600,-3.298,8.436,2.377
-0.900,-50.550,31.050,-3.604,8.512,2.301
-1.350,-49.650,27.450,-3.298,8.359,2.914
-1.050,-47.250,24.750,-3.144,8.436,2.761
-1.200,-47.400,22.350,-3.298,8.436,2.991
-2.700,-46.050,19.950,-3.451,8.359,3.144
-1.650,-43.800,16.650,-3.528,8.359,3.528
1.950,-42.450,14.250,-2.531,8.589,3.528
4.800,-40.950,13.200,-2.761,8.972,3.604
6.600,-39.150,11.100,-2.991,8.896,2.914
9.450,-38.250,9.300,-3.068,8.359,1.764
14.100,-35.700,7.650,-3.221,8.129,2.377
17.100,-33.750,7.800,-3.144,8.282,2.991
19.650,-32.700,7.800,-3.221,8.206,4.218
21.600,-30.900,7.650,-3.374,8.282,4.295
23.850,-30.300,8.250,-2.454,8.359,4.985
23.850,-29.700,7.050,-3.221,8.436,3.758
26.100,-31.350,9.750,-2.684,8.512,4.064
27.750,-31.650,11.850,-2.301,8.512,4.064
30.300,-32.400,14.700,-2.147,8.359,3.451
33.450,-34.650,16.950,-2.224,8.589,2.991
34.050,-35.700,19.350,-2.224,8.742,3.374
34.200,-36.750,22.050,-2.301,8.666,3.988
34.050,-37.800,24.150,-1.841,8.742,3.144
34.200,-38.700,26.850,-1.764,8.819,3.911
33.450,-39.750,27.300,-1.304,8.972,2.991
32.550,-41.550,29.250,-1.380,9.279,2.991
28.950,-44.250,31.650,-2.454,9.279,2.684
28.800,-45.150,35.550,-2.147,8.589,2.991
27.750,-45.450,35.550,-1.304,9.203,3.604
24.150,-48.450,41.250,-1.687,8.129,2.914
18.000,-50.100,45.000,-0.844,10.276,3.374
10.200,-51.450,41.250,-0.077,9.586,3.528
3.900,-52.200,37.500,0.614,8.282,3.068
-0.450,-51.150,41.100,1.074,8.282,4.218
-4.800,-51.150,45.600,1.534,8.589,2.991
-8.100,-50.850,47.550,1.764,9.126,2.454
-12.450,-49.200,47.850,2.761,9.049,3.068
-16.200,-49.650,46.650,1.841,8.972,2.914
-19.050,-48.300,45.750,1.687,9.279,1.994
-21.300,-46.500,48.750,1.917,8.819,2.914
-25.500,-44.250,48.450,2.377,9.049,2.837
-31.950,-41.100,49.350,4.141,7.976,1.610
-35.250,-38.550,48.150,4.218,8.589,2.301
-38.550,-35.550,44.400,3.528,9.433,0.844
-38.550,-36.900,43.500,3.451,9.126,0.997
-40.500,-33.450,41.400,3.068,8.972,2.531
-41.700,-32.250,39.750,3.681,8.512,1.534
-42.750,-30.000,40.350,4.448,8.819,1.687
-45.150,-27.150,36.750,5.368,8.052,0.307
-47.700,-23.850,35.100,4.448,8.359,0.383
-46.050,-21.900,33.150,4.678,7.669,1.687
-46.050,-21.600,30.000,5.752,7.822,1.917
-44.850,-21.150,27.750,5.828,8.129,2.147
-43.650,-21.000,25.200,5.215,7.669,0.614
-42.900,-21.600,24.600,5.291,8.896,1.380
-40.650,-23.250,21.900,5.752,7.745,0.690
-39.300,-24.450,21.000,5.905,7.362,0.537
-36.000,-25.500,19.650,6.135,7.285,0.077
-34.650,-25.350,17.550,6.135,7.209,1.304
-32.400,-25.950,16.350,5.982,7.132,0.767
-31.500,-26.250,15.900,6.135,7.285,3.068
-28.800,-27.750,16.200,6.825,7.669,1.841
-27.150,-30.150,16.200,7.285,7.285,0.767
-27.750,-30.750,18.750,5.828,6.595,0.844
-25.800,-32.850,19.950,6.518,6.979,1.150
-24.150,-34.200,20.700,7.362,6.518,1.380
-22.800,-36.600,21.900,6.979,6.365,0.844
-23.100,-37.950,25.200,6.442,6.365,1.841
-22.500,-38.400,27.150,7.515,6.902,1.150
-22.050,-39.300,29.550,7.055,6.595,1.304
-22.800,-40.050,31.500,7.592,6.288,0.997
-23.100,-40.800,35.550,6.979,6.365,0.997
-23.700,-40.200,36.900,6.518,6.288,1.687
-25.800,-39.750,37.950,8.206,6.135,1.764
-28.050,-39.300,39.150,7.362,5.675,1.841
-31.350,-37.800,40.800,7.745,4.985,1.841
-34.650,-34.800,41.400,8.129,4.601,0.997
-38.250,-31.050,43.500,8.206,4.295,1.917
-41.100,-28.350,43.950,9.203,3.681,2.147
-42.750,-25.950,45.300,8.896,3.298,1.917
-45.450,-23.400,46.800,8.896,3.144,2.531
-49.200,-19.800,49.350,8.896,2.914,2.224
-48.900,-16.200,51.750,9.203,2.454,2.454
-50.700,-11.550,54.450,9.049,1.917,1.380
-51.750,-7.650,54.900,9.663,1.457,1.380
-53.250,-5.250,54.300,9.356,1.150,1.764
-53.700,-2.850,55.800,9.049,1.304,1.917
-53.700,0.300,55.650,9.739,1.380,2.147
-53.700,5.100,57.000,9.126,0.920,2.454
-54.000,8.700,55.950,9.893,0.460,2.224
-52.950,12.000,56.100,9.739,0.077,1.227
-52.350,16.500,54.900,8.972,0.537,0.997
-51.450,19.350,55.200,9.433,0.000,1.304
-50.100,21.600,54.000,9.126,0.153,1.227
-50.550,24.600,51.150,9.969,-0.230,1.841
-49.350,25.200,49.200,9.586,-0.383,1.687
-49.800,27.150,45.600,9.816,-0.077,1.457
-48.150,29.100,43.050,9.509,-0.077,1.457
-46.650,30.000,40.350,9.433,-0.153,1.227
-44.700,31.050,36.300,9.356,-0.230,1.457
-43.500,30.750,33.600,9.279,-0.767,1.994
-42.600,30.150,32.850,9.893,-0.844,2.071
-42.900,30.600,29.700,9.816,-0.767,2.837
-40.650,30.450,27.000,9.663,-1.227,1.994
-40.350,28.050,24.900,9.279,-1.304,1.304
-40.350,26.850,23.550,9.356,-1.457,1.227
-40.500,27.600,24.000,9.356,-2.454,1.380
-39.600,26.700,24.300,9.126,-2.837,0.537
-39.150,26.250,24.150,8.972,-3.451,1.227
-39.000,26.850,24.300,9.279,-4.755,0.997
-39.600,26.550,25.200,8.972,-5.215,0.307
-38.550,26.250,24.900,9.203,-5.061,-0.153
-40.500,25.350,25.800,7.822,-4.218,0.307
-41.850,23.700,28.500,7.899,-5.368,0.690
-43.800,21.600,31.350,8.972,-7.209,-0.230
-44.700,21.900,32.850,8.742,-6.135,-0.307
-44.400,21.900,36.300,6.979,-4.755,-0.077
-44.850,21.900,37.500,6.979,-6.595,0.614
-46.350,18.450,40.050,7.745,-6.902,0.077
-47.550,16.800,42.900,8.129,-5.445,-0.153
-48.600,17.250,45.900,8.436,-5.598,-0.383
-48.300,16.500,48.450,7.976,-5.445,0.000
-48.300,17.100,50.550,8.512,-4.985,-0.153
-46.650,17.550,53.850,8.896,-5.828,-0.537
-47.250,19.200,55.050,8.972,-5.675,0.153
-45.000,22.650,57.300,8.206,-5.982,0.383
-44.400,25.050,59.100,7.515,-6.672,0.767
-43.050,27.300,60.750,6.212,-5.522,1.074
-41.400,29.700,61.950,7.515,-6.365,1.150
-40.350,33.750,62.100,7.055,-6.979,1.304
-37.050,35.250,63.600,7.592,-7.362,1.457
-35.400,38.100,64.350,6.518,-6.365,0.997
-33.450,38.850,64.950,7.362,-7.209,0.537
-32.250,41.250,64.950,7.132,-7.515,1.150
-30.300,43.950,63.600,6.902,-7.209,1.227
-26.850,45.750,61.350,6.825,-7.055,1.150
-22.350,49.350,60.150,5.675,-7.132,1.917
-18.450,51.300,59.850,6.442,-7.669,0.767
-13.650,54.150,57.600,6.518,-8.436,1.994
-6.600,55.350,57.000,4.678,-8.206,0.997
-3.600,57.300,53.850,4.985,-8.589,0.767
-0.600,56.400,52.200,5.138,-8.359,1.534
4.350,57.900,49.650,4.678,-8.896,2.071
9.150,58.050,48.150,3.681,-8.972,1.227
7.350,57.150,42.900,4.371,-9.279,1.687
6.900,56.250,39.300,4.755,-9.356,1.994
7.200,55.350,35.250,4.755,-9.049,1.841
8.250,54.000,32.550,4.295,-8.589,1.764
8.100,53.700,29.850,4.064,-8.819,2.301
6.900,52.650,26.850,3.834,-9.126,2.147
6.450,50.850,24.300,3.988,-9.663,2.377
7.050,49.800,24.000,3.374,-9.126,1.687
5.700,47.850,22.200,2.991,-9.279,1.457
5.100,48.000,20.550,3.221,-9.049,2.224
4.050,47.100,20.400,1.764,-9.816,2.301
1.800,47.250,19.500,1.610,-10.276,1.610
-3.300,46.350,19.800,2.071,-9.739,1.687
-6.450,45.150,21.000,2.531,-9.586,1.304
-9.150,44.850,21.000,2.684,-9.816,1.304
-10.950,44.850,22.650,2.301,-9.279,1.457
-13.050,45.300,24.750,1.917,-9.816,1.304
-15.750,44.700,26.550,1.994,-10.046,1.994
-17.550,44.550,28.050,2.224,-9.586,1.457
-18.900,44.550,29.550,1.534,-9.893,1.687
-19.800,45.900,32.550,1.534,-9.969,1.534
-21.000,46.650,35.400,1.457,-9.663,1.304
-21.000,46.050,37.050,1.380,-9.663,1.304
-21.750,46.800,39.600,1.687,-9.663,1.074
-20.700,47.850,42.600,1.227,-9.893,1.457
-20.850,48.600,43.050,1.610,-9.816,1.457
-20.250,49.950,45.900,1.994,-10.353,1.764
-17.700,50.850,47.550,1.457,-9.816,1.841
-15.750,52.050,48.900,1.841,-9.816,1.304
-11.250,54.300,50.550,0.230,-9.279,3.298
-8.250,55.050,54.300,0.230,-9.893,2.301
-5.550,54.750,56.250,-0.077,-9.739,2.607
-1.350,56.100,55.650,-0.307,-8.666,2.224
1.050,56.550,56.850,0.307,-9.969,2.531
3.900,56.850,57.600,0.537,-10.123,2.224
8.400,57.000,57.750,-0.383,-9.203,2.991
13.800,57.150,58.200,-1.457,-9.586,2.837
17.400,55.950,59.100,-1.304,-9.356,2.301
20.400,54.900,59.250,-0.997,-9.969,1.380
24.900,53.700,60.300,-0.844,-9.433,0.920
28.950,53.250,58.200,-0.230,-9.969,1.764
34.500,50.700,57.450,-0.383,-9.586,1.764
39.900,46.800,55.050,-2.377,-9.739,2.761
42.900,45.600,52.200,-3.221,-9.433,2.684
43.650,44.550,50.100,-2.684,-9.739,1.610
44.400,45.000,48.600,-1.841,-9.126,0.997
45.300,42.300,45.300,-2.071,-9.893,1.841
48.150,40.500,42.600,-3.298,-9.586,2.454
46.650,40.050,38.550,-2.914,-9.739,1.534
47.250,40.350,36.750,-2.607,-9.509,0.537
45.900,38.700,33.000,-1.841,-9.816,0.997
45.750,38.550,30.150,-2.684,-9.586,1.150
44.850,36.600,27.600,-4.371,-8.819,1.994
42.000,36.750,25.200,-3.604,-9.279,1.764
41.850,35.250,22.350,-3.988,-9.279,1.227
38.400,34.800,19.350,-4.064,-9.203,1.227
35.400,34.050,16.800,-3.911,-8.359,3.068
33.450,35.400,16.200,-4.218,-7.976,3.144
32.550,36.000,18.000,-5.522,-8.589,2.837
30.900,38.250,18.450,-4.985,-8.512,1.610
27.600,39.900,18.450,-4.678,-8.206,1.304
27.300,40.650,20.700,-5.522,-8.129,0.920
26.700,42.000,21.750,-4.831,-8.129,1.534
25.500,43.650,22.950,-5.061,-8.052,2.531
25.650,44.550,25.200,-6.212,-7.745,1.764
24.900,47.250,27.750,-5.598,-7.592,1.610
24.450,48.300,30.300,-5.138,-7.976,1.380
24.900,48.000,31.800,-6.672,-7.515,1.687
25.050,49.500,34.800,-6.749,-7.592,1.610
24.150,50.250,37.050,-5.828,-6.979,1.380
24.300,51.450,40.350,-6.288,-7.439,1.917
24.150,51.750,42.900,-6.288,-7.669,1.074
25.650,52.650,46.350,-6.135,-7.285,1.074
26.550,51.750,48.750,-5.905,-7.362,1.074
28.200,51.450,51.150,-5.828,-7.745,1.304
31.950,49.650,53.550,-6.979,-7.285,1.764
33.150,48.000,54.750,-6.288,-7.055,1.227
34.500,49.200,56.100,-5.905,-7.209,1.457
38.100,46.050,58.650,-6.365,-7.439,1.304
39.900,45.300,59.100,-7.209,-7.209,2.071
42.000,44.100,59.550,-6.288,-6.442,1.227
43.350,43.650,58.800,-6.135,-6.749,2.071
45.900,41.550,59.850,-6.518,-7.362,2.761
48.600,38.400,60.150,-6.442,-7.822,2.531
51.600,35.850,59.100,-6.365,-7.132,1.534
53.250,32.700,58.650,-6.595,-6.749,0.920
54.900,31.650,56.400,-5.905,-7.132,1.074
57.750,29.550,55.350,-5.445,-7.669,1.764
58.800,26.250,53.400,-7.132,-7.285,2.837
60.600,24.000,50.550,-6.902,-6.825,1.917
61.350,21.750,48.150,-6.365,-6.749,2.224
61.650,19.800,44.250,-6.749,-6.749,2.224
62.400,16.500,41.400,-6.518,-6.672,1.074
61.200,16.200,36.000,-6.979,-6.212,2.147
61.500,14.100,33.000,-6.825,-6.135,2.147
60.450,13.950,31.350,-7.132,-6.365,2.454
57.900,13.200,27.300,-6.595,-6.442,2.377
58.050,11.400,24.300,-7.132,-5.828,1.917
55.950,10.050,21.900,-8.052,-5.215,2.147
54.300,9.600,18.750,-7.592,-4.985,2.071
52.500,10.800,17.400,-8.052,-4.985,2.761
51.150,12.750,16.050,-8.282,-4.678,2.761
48.300,15.450,14.850,-7.362,-4.601,2.301
46.800,16.800,15.300,-7.362,-4.601,2.301
46.500,16.950,14.700,-8.819,-3.681,2.914
47.550,18.150,15.600,-8.742,-3.374,1.917
46.950,20.100,16.050,-8.512,-3.221,2.224
44.850,22.800,17.850,-8.819,-3.221,2.761
45.300,25.950,19.050,-8.819,-3.068,2.761
45.300,27.300,20.400,-8.436,-3.144,2.377
45.600,28.050,21.900,-9.126,-2.991,2.684
46.050,30.150,24.000,-8.666,-2.914,2.454
46.050,31.500,25.500,-8.742,-2.991,3.221
47.400,32.850,27.600,-8.359,-2.914,2.914
48.000,33.150,31.500,-8.359,-2.761,3.758
48.600,34.500,33.300,-8.819,-2.761,3.221
50.100,35.250,35.850,-8.972,-2.914,3.374
50.700,35.550,37.350,-7.439,-2.991,3.144
51.750,36.000,40.800,-8.512,-3.374,3.528
51.000,36.750,44.550,-8.436,-3.374,3.374
50.550,37.800,45.750,-6.979,-3.834,3.144
53.550,36.000,47.100,-8.052,-3.988,3.068
54.150,34.650,47.400,-7.439,-5.138,2.531
56.250,31.800,49.800,-7.209,-4.295,2.837
59.550,28.050,49.950,-7.669,-3.911,2.837
61.650,23.400,46.650,-6.749,-2.684,4.141
64.800,15.300,43.800,-7.439,-2.224,0.614
65.550,6.750,39.150,-8.206,-1.074,3.451
65.400,0.300,36.000,-8.589,-0.690,5.138
64.200,-5.250,36.750,-6.979,-0.077,4.525
63.300,-12.150,34.350,-7.055,0.077,6.672
59.250,-19.650,32.550,-7.745,1.610,5.215
56.700,-25.350,30.300,-8.896,1.380,5.368
53.100,-29.100,28.950,-6.749,1.764,3.604
47.550,-33.150,27.150,-7.439,1.917,4.525
42.450,-37.050,26.550,-7.362,3.528,5.445
38.100,-39.600,24.600,-6.595,3.374,5.445
32.100,-42.150,21.150,-5.752,3.221,4.371
27.450,-41.700,19.350,-7.132,5.291,4.908
24.900,-40.800,15.000,-6.442,4.985,5.598
21.000,-39.300,11.250,-5.675,4.601,5.291
18.450,-37.050,8.550,-5.061,5.061,5.675
17.550,-34.800,5.550,-4.755,5.368,6.058
16.500,-31.050,3.150,-5.598,5.368,5.522
16.350,-28.950,0.900,-5.905,4.985,5.138
15.750,-25.950,0.150,-5.675,4.831,6.135
16.350,-24.150,-1.050,-4.831,4.831,5.675
17.100,-22.350,-1.800,-4.755,5.752,6.288
19.050,-20.400,-1.650,-4.371,6.058,6.595
21.000,-19.350,-0.300,-3.911,5.982,5.982
21.150,-18.150,-0.750,-3.144,5.752,6.288
22.950,-18.450,0.300,-4.141,6.365,7.209
26.400,-18.000,1.350,-2.761,6.518,5.368
27.900,-18.450,2.700,-2.761,6.442,6.058
26.700,-20.250,2.250,-2.684,7.592,6.212
27.900,-21.300,3.000,-2.531,6.902,5.828
29.250,-23.400,6.000,-2.377,7.132,5.675
30.450,-25.200,7.350,-2.224,6.902,6.365
30.900,-27.900,10.050,-1.994,7.285,5.828
32.850,-28.200,11.850,-2.071,6.979,6.212
33.450,-30.900,13.950,-2.147,7.055,6.058
33.750,-33.300,15.900,-1.994,7.209,5.522
33.450,-35.400,17.550,-2.224,7.669,5.291
31.950,-36.900,19.650,-1.841,7.132,5.445
33.150,-39.750,21.750,-1.687,7.285,5.752
31.650,-40.350,23.250,-1.994,7.362,5.445
30.750,-43.050,24.150,-2.531,7.515,5.598
28.200,-45.000,26.100,-2.147,7.209,5.061
27.000,-46.350,27.750,-2.071,7.515,5.215
23.550,-47.400,28.500,-1.610,7.669,5.522
20.850,-48.300,29.850,-1.917,7.899,5.522
19.350,-49.500,29.850,-1.457,7.592,6.442
15.150,-51.000,30.300,-1.841,7.515,5.291
12.600,-50.400,31.350,-1.534,8.129,5.445
10.050,-51.300,30.750,-1.457,7.592,5.138
7.500,-51.300,29.100,-1.380,7.362,5.368
4.350,-52.200,29.250,-1.380,7.976,5.522
2.100,-51.900,28.350,-1.764,7.822,5.061
-2.100,-51.600,26.100,-1.994,7.669,5.061
-4.350,-50.550,26.100,-1.534,7.515,4.985
-7.050,-49.050,23.700,-1.764,7.745,5.522
-9.300,-47.850,21.900,-1.687,7.515,5.675
-10.500,-47.400,19.200,-1.534,7.592,6.135
-11.100,-44.850,17.250,-1.610,7.515,5.291
-12.000,-43.050,16.650,-1.610,8.052,5.522
-13.200,-42.300,13.800,-1.304,7.669,5.061
-12.750,-41.250,12.000,-1.380,7.285,5.291
-12.300,-38.400,9.900,-1.610,7.822,5.905
-11.250,-36.150,6.900,-1.457,7.515,5.675
-9.450,-33.300,5.700,-1.764,7.976,5.675
-8.100,-31.950,3.000,-1.457,7.515,5.138
-0.300,-26.100,-0.750,-1.687,7.209,5.905
9.000,-25.350,0.150,-1.304,7.899,6.442
12.150,-24.900,0.450,-1.304,7.515,5.138
16.650,-24.300,0.750,-1.380,7.362,5.291
19.350,-24.450,1.200,-1.534,7.515,5.828
21.900,-25.350,3.300,-1.687,7.515,5.905
24.750,-24.750,5.100,-1.764,7.362,5.675
26.700,-26.550,5.400,-1.764,7.439,5.598
27.600,-28.350,7.050,-2.071,7.592,5.905
29.850,-28.200,9.000,-1.687,7.362,5.752
31.350,-30.450,11.100,-1.764,7.439,5.522
31.650,-31.950,12.900,-1.994,7.055,5.905
31.350,-33.600,13.950,-1.841,7.439,6.135
31.500,-35.100,16.050,-1.227,7.592,5.752
31.200,-36.150,17.100,-1.534,7.362,5.445
31.050,-38.700,19.200,-1.687,7.669,5.445
30.750,-40.200,21.600,-1.074,7.209,5.752
29.850,-42.000,21.600,-1.687,7.209,5.675
27.900,-43.350,24.000,-2.224,7.592,5.752
24.450,-45.000,24.150,-1.994,7.439,5.828
23.700,-46.800,25.950,-1.610,7.285,5.752
20.700,-48.000,26.400,-1.610,7.132,5.675
18.150,-49.350,26.400,-1.534,7.439,5.905
15.300,-49.800,27.150,-1.534,7.209,5.675
11.100,-51.000,27.000,-1.764,7.439,6.212
8.700,-51.000,27.000,-1.380,7.362,5.905
4.950,-50.700,26.550,-1.380,7.362,6.058
3.300,-50.700,25.500,-1.764,7.439,5.522
1.500,-50.550,23.400,-1.994,7.209,6.288
0.450,-49.050,20.700,-2.071,7.132,6.365
-0.750,-46.350,13.050,-2.301,6.288,7.669
-3.150,-40.650,5.100,-2.224,4.985,7.592
-3.750,-33.000,-1.050,-1.687,3.604,8.129
-5.100,-24.150,-5.550,-2.224,1.764,8.819
-5.550,-16.500,-8.550,-2.684,0.690,8.666
-8.250,-9.600,-9.450,-2.454,0.537,8.052
-10.050,-7.050,-9.600,-2.301,0.614,10.430
-9.900,-3.450,-8.850,-1.610,1.150,9.739
-9.600,-3.900,-8.850,-1.610,1.534,8.589
-9.300,-3.900,-8.700,-2.147,2.454,9.893
-9.600,-1.950,-8.100,-1.841,2.454,9.586
-9.750,2.250,-8.250,-1.150,1.994,9.663
-7.950,4.350,-7.350,-1.150,1.764,8.896
-4.800,5.250,-8.250,-1.150,1.534,9.049
-1.200,5.250,-7.500,-0.460,1.534,9.203
2.100,1.350,-8.100,0.000,3.911,9.049
4.500,-3.150,-7.950,-0.920,3.988,8.972
7.050,-9.000,-7.200,-1.074,5.752,8.436
9.450,-12.000,-6.300,0.077,5.598,8.052
13.500,-13.050,-4.500,-0.077,5.752,6.518
16.800,-15.300,-3.300,-0.997,5.675,6.672
16.650,-18.600,-2.550,-1.074,6.212,7.745
19.050,-20.550,-0.900,-0.690,6.749,7.592
21.450,-21.600,0.450,-0.844,6.595,6.979
22.500,-24.150,2.850,-1.150,6.595,6.825
24.000,-25.500,4.950,-0.767,6.672,6.518
25.350,-29.250,5.700,-0.537,6.595,6.672
25.500,-29.250,7.800,0.000,6.518,6.902
26.850,-31.650,9.450,-0.230,6.365,6.595
27.000,-32.700,11.100,-0.920,6.825,6.902
26.250,-35.550,12.750,-1.074,6.979,6.365
25.500,-36.450,14.700,-1.227,7.132,6.442
24.750,-39.600,15.450,-1.610,7.132,5.982
22.650,-42.150,18.150,-1.380,6.825,6.672
20.700,-43.650,19.650,-0.537,6.979,6.288
18.300,-45.300,19.950,-0.230,6.749,6.212
16.800,-46.200,20.850,-0.460,6.595,6.979
13.200,-48.750,21.150,-0.920,6.288,7.055
9.450,-48.600,21.450,-1.457,6.595,7.669
6.450,-48.750,21.150,-0.844,6.825,6.902
4.050,-48.750,22.200,-0.690,6.672,6.365
-0.300,-49.800,21.750,-0.690,6.825,6.518
-2.550,-49.500,21.900,-0.230,6.979,6.518
-5.100,-48.750,21.300,-0.153,6.825,6.595
-7.050,-48.300,20.250,-0.153,6.979,6.518
-9.450,-48.150,20.100,-0.077,6.979,6.288
-11.550,-46.500,18.900,-0.153,7.132,6.442
-12.450,-45.750,17.850,-0.153,7.209,6.365
-14.700,-44.850,16.650,-0.153,7.132,6.212
-15.150,-44.400,15.750,-0.230,7.132,6.135
-16.050,-43.350,15.150,-0.153,6.979,6.518
-16.800,-42.450,14.250,-0.153,6.902,6.672
-16.500,-42.000,14.100,-0.383,6.979,6.288
-16.200,-41.400,12.900,-0.307,6.902,6.595
-17.700,-40.800,12.900,-0.230,7.055,6.212
-16.950,-41.550,13.350,-0.307,6.979,6.749
-16.350,-41.700,13.200,-0.230,6.902,6.442
-16.050,-41.700,12.750,-0.614,7.055,6.365
-17.100,-42.150,13.800,-0.307,6.979,6.365
-16.650,-42.150,13.650,-0.153,6.979,6.518
-17.100,-41.700,13.650,-0.307,7.055,6.442
-16.950,-42.600,13.650,-0.460,6.902,6.365
-16.050,-41.550,13.500,-0.307,6.902,6.595
-15.750,-43.650,14.400,-0.230,6.749,6.825
-15.150,-42.300,13.800,-0.230,6.902,6.288
-15.000,-43.500,13.950,-0.153,6.825,6.442
-13.200,-43.800,14.550,-0.383,6.749,6.749
-12.750,-44.550,14.250,-0.614,6.672,6.902
-13.050,-44.400,15.150,-0.690,6.749,6.825
-11.850,-44.550,14.700,-0.307,6.825,6.825
-10.650,-45.750,15.150,-0.307,6.749,6.518
-9.600,-46.050,14.850,-0.537,6.595,6.672
-9.900,-46.350,15.150,-0.614,6.595,7.055
-8.700,-46.050,14.700,-0.383,6.288,7.132
-8.400,-46.350,15.150,-0.537,6.518,7.285
-7.500,-46.050,15.000,-0.614,6.672,7.209
-7.950,-45.600,15.150,-0.383,6.672,6.518
-7.350,-46.500,16.200,-0.230,6.595,6.288
-6.300,-47.250,16.500,0.153,6.442,7.055
-5.700,-46.950,16.350,-0.307,6.595,6.902
-4.350,-47.700,17.100,-0.230,6.518,6.825
-3.600,-47.400,18.300,0.153,6.135,7.362
-2.700,-47.550,17.100,-0.077,6.442,7.592
-0.150,-49.050,17.400,-0.383,6.518,7.362
1.950,-47.700,18.300,-0.460,6.365,6.825
4.500,-49.200,17.850,-0.460,6.595,6.518
5.550,-48.900,17.850,-0.077,6.672,6.595
7.350,-48.300,18.150,-0.153,6.672,7.285
8.250,-47.700,17.400,-0.767,6.365,6.825
9.900,-47.550,16.800,-0.844,6.135,6.979
11.100,-47.550,16.650,-0.383,6.595,6.979
11.700,-47.250,17.100,-0.230,6.442,6.902
11.700,-47.700,16.050,-0.230,6.518,6.672
11.400,-46.650,16.800,-0.383,6.518,6.902
10.800,-46.800,15.450,0.153,6.135,7.055
10.650,-44.700,12.750,0.077,5.982,7.822
9.000,-43.500,12.300,-0.153,6.058,8.052
8.100,-43.800,10.650,-0.077,5.982,7.745
8.850,-43.800,11.250,0.307,5.445,6.518
8.250,-43.650,10.950,0.000,5.752,7.439
8.850,-45.000,12.450,0.383,5.905,7.285
7.800,-45.000,11.700,0.614,6.058,7.899
6.600,-43.500,11.700,0.690,6.135,7.439
6.750,-44.100,11.400,0.690,5.982,7.439
6.150,-43.950,11.550,0.614,5.905,7.362
6.300,-44.700,11.250,0.537,5.905,7.899
6.150,-43.500,10.650,0.383,5.675,7.439
5.850,-44.250,11.550,0.383,5.982,8.052
6.900,-45.150,11.100,0.537,5.828,8.282
6.000,-43.950,11.100,0.537,5.828,7.515
5.700,-44.700,11.550,0.537,5.752,7.515
6.600,-44.700,10.950,0.537,5.752,7.592
6.600,-44.850,11.250,0.460,5.598,7.745
7.200,-43.950,11.250,0.230,5.675,7.669
6.300,-43.350,11.400,0.383,5.598,7.899
6.750,-42.900,10.350,0.230,5.445,7.822
7.950,-44.100,10.050,0.230,5.522,7.669
7.050,-43.050,10.350,0.153,5.675,7.592
6.900,-43.950,10.500,0.153,5.675,7.669
7.650,-43.500,10.800,0.230,5.522,7.822
7.200,-43.950,10.650,0.230,5.522,7.669
7.650,-42.600,10.200,0.230,5.522,7.899
7.350,-44.100,10.650,0.230,5.445,7.745
7.650,-42.750,9.300,0.077,5.598,7.899
7.650,-42.900,9.750,0.230,5.445,7.899
7.650,-42.600,10.800,0.153,5.598,7.745
6.750,-43.650,11.100,0.153,5.522,7.745
7.650,-43.050,10.350,0.230,5.445,7.822
7.500,-43.950,9.750,0.153,5.675,7.592
7.050,-42.750,10.050,0.153,5.445,7.745
7.350,-43.650,10.800,0.153,5.522,7.745
7.950,-42.750,10.650,0.153,5.522,7.669
6.450,-43.200,10.200,0.153,5.675,7.515
7.650,-42.900,10.650,0.000,5.982,7.515
8.100,-43.500,10.200,0.077,6.058,7.209
8.250,-42.450,10.200,0.077,4.985,6.518
7.500,-41.550,7.800,-0.997,5.061,7.899
8.100,-39.750,4.500,-0.230,4.064,8.512
7.650,-37.350,3.900,1.227,4.908,7.976
6.300,-38.100,2.550,0.077,4.678,8.819
3.150,-38.850,1.800,0.307,3.834,8.282
0.150,-39.000,2.100,0.767,3.834,8.589
-1.350,-39.300,2.100,0.844,3.298,8.436
-3.600,-39.600,2.550,1.074,3.298,8.972
-5.400,-39.300,2.550,0.614,3.604,8.436
-6.900,-38.550,2.250,0.844,3.144,8.896
-10.950,-37.800,1.500,1.304,2.531,9.356
-13.200,-32.850,-0.750,1.380,1.687,9.816
-16.800,-31.800,-1.500,2.147,1.457,9.049
-18.450,-30.000,-1.050,2.071,2.147,8.742
-19.650,-25.800,-1.950,1.994,2.224,8.512
-21.450,-23.850,-3.300,1.380,1.994,8.589
-22.950,-21.300,-3.750,1.457,2.224,9.203
-22.350,-19.200,-5.400,1.457,2.224,8.972
-23.100,-17.550,-5.400,2.454,3.068,8.436
-21.600,-18.300,-5.250,2.837,3.068,11.273
-22.800,-19.500,-3.300,2.607,2.147,9.279
-23.550,-24.000,-1.650,1.764,1.841,9.586
-21.450,-26.400,-0.150,1.074,0.230,9.126
-21.900,-30.450,2.550,1.074,1.917,9.969
-22.500,-32.550,4.500,1.687,3.144,7.285
-20.850,-28.350,0.150,-1.380,3.834,5.368
-21.900,-33.450,4.800,0.690,5.138,12.270
-21.900,-31.050,3.000,0.383,4.295,6.902
-25.350,-27.900,3.150,1.841,2.377,9.739
-26.550,-25.500,2.400,1.457,1.304,9.049
-25.350,-26.550,2.850,0.614,1.457,9.126
-22.200,-26.700,0.300,1.764,0.690,7.976
-18.900,-30.450,1.500,2.071,2.914,12.117
