52.950,54.900,30.600,-5.799,4.199,7.156,1.468,-0.327,-0.706
52.650,54.750,28.950,-5.140,5.619,6.479,1.422,-0.797,-0.001
51.750,55.350,27.750,-4.254,6.558,5.476,1.188,-0.849,-0.598
53.250,55.650,24.750,-5.131,5.837,5.667,1.137,-0.761,-0.897
56.250,54.600,24.750,-4.683,6.383,5.382,1.040,-0.940,-0.774
54.600,54.750,24.450,-5.092,6.871,4.606,1.017,-1.031,-0.637
59.100,50.400,24.150,-4.999,6.802,4.946,0.863,-0.890,-0.675
60.750,51.150,25.650,-4.549,7.003,5.219,0.864,-0.782,-0.632
60.750,51.150,25.650,-5.349,6.713,4.434,0.782,-0.815,-0.583
61.950,48.300,25.500,-4.424,7.379,5.076,0.629,-0.930,-0.491
63.000,44.550,28.650,-5.219,6.876,4.413,0.845,-0.745,-0.743
63.900,44.400,27.300,-5.112,6.709,4.434,0.913,-0.555,-0.916
64.650,42.750,29.250,-6.002,6.642,3.867,0.728,-0.693,-0.827
63.750,39.900,31.200,-6.194,6.867,3.883,0.519,-0.717,-0.455
63.900,38.100,31.800,-5.545,6.725,4.041,0.546,-0.722,-0.387
64.500,38.250,32.700,-5.679,6.876,3.917,0.612,-0.669,-0.668
63.300,35.100,36.450,-5.935,6.962,4.010,0.722,-0.732,-0.428
63.450,34.950,37.050,-6.012,6.646,4.235,0.749,-0.637,-0.313
62.700,36.450,37.050,-5.775,6.507,4.056,0.569,-0.585,-0.340
61.200,35.700,38.850,-5.636,6.910,3.948,0.463,-0.473,-0.391
61.500,34.800,40.200,-5.358,6.855,4.104,0.336,-0.374,-0.363
61.650,33.750,42.900,-6.539,6.282,3.663,0.160,-0.206,-0.471
60.900,32.550,43.350,-6.680,5.703,3.412,-0.060,-0.264,-0.457
61.950,30.600,43.650,-6.457,5.923,3.785,0.148,-0.255,-0.153
59.100,31.650,45.450,-6.182,6.527,3.759,0.184,-0.198,-0.156
58.950,30.600,42.150,-5.820,6.321,4.029,0.022,-0.141,-0.236
58.950,29.850,44.400,-6.412,6.558,3.804,0.050,-0.126,-0.270
58.950,28.650,45.900,-6.206,6.419,4.092,0.080,-0.126,-0.449
57.600,28.950,46.500,-7.659,5.332,3.074,0.687,0.013,-0.247
56.550,31.650,45.000,-7.221,5.885,3.711,1.126,-0.418,0.324
57.000,35.400,45.150,-7.585,5.701,2.085,3.471,-0.760,-0.467
55.050,39.000,43.950,-7.393,6.783,1.132,0.416,-0.532,-0.001
54.150,44.100,41.250,-7.001,5.844,0.484,2.189,-0.792,0.188
50.850,50.850,38.700,-6.158,7.051,-0.484,1.738,-0.646,-0.056
48.750,54.150,36.600,-6.953,7.113,-1.872,0.951,-0.866,0.378
47.400,54.750,36.750,-6.756,7.068,-1.642,1.616,-1.064,-0.026
45.750,59.250,33.600,-6.426,7.053,-1.120,1.165,-1.280,0.182
41.850,61.500,31.050,-6.996,8.337,-2.097,1.018,-1.294,0.506
39.450,63.300,30.900,-6.124,7.293,-1.243,0.889,-1.535,0.137
34.500,64.500,30.150,-6.041,7.274,-1.901,0.708,-1.473,0.341
31.500,64.950,29.700,-5.404,8.380,-2.923,0.618,-1.679,0.310
28.950,67.050,28.500,-5.341,7.630,-2.100,0.784,-1.785,0.491
23.100,66.450,25.950,-5.969,9.091,-2.342,0.518,-1.811,0.543
20.550,68.550,24.300,-4.434,8.887,-1.360,0.211,-1.802,0.618
14.550,67.800,22.800,-4.221,9.862,-1.346,-0.557,-1.977,0.779
12.450,66.450,23.100,-1.056,9.632,1.046,-0.855,-1.616,0.961
6.750,66.000,28.950,-0.151,9.194,2.081,-1.150,-1.638,0.399
3.600,62.400,30.600,1.113,9.036,3.812,-1.630,-1.421,0.357
0.000,59.100,31.950,1.817,8.533,4.652,-1.700,-1.554,-0.025
-1.950,57.300,37.350,2.701,6.491,7.154,-1.951,-1.486,-0.603
-2.400,52.950,40.800,2.186,6.424,7.197,-1.625,-1.197,-1.187
-2.250,53.550,41.700,2.464,4.501,7.695,-1.921,-0.985,-0.472
-3.000,45.750,46.500,3.275,3.182,8.564,-1.500,-0.639,-0.918
-2.700,43.500,48.600,2.990,1.891,9.421,-1.109,-0.659,-1.170
-0.900,45.150,50.100,3.996,1.788,9.033,-1.098,-0.602,-1.405
0.000,42.150,52.500,5.023,1.444,9.091,-0.890,-0.415,-1.493
1.050,42.600,53.550,4.784,0.373,9.330,-0.803,-0.000,-1.983
3.750,41.400,55.800,3.388,-0.433,9.153,-0.938,0.072,-1.960
10.350,40.050,59.400,3.634,-1.065,9.163,-1.080,0.016,-1.802
12.600,40.500,61.950,3.112,-1.628,8.835,-1.172,0.152,-1.814
15.900,35.100,65.550,3.409,-2.533,8.827,-0.962,0.239,-1.575
16.050,33.000,66.450,3.211,-3.481,9.780,-0.472,0.375,-1.067
21.450,32.550,68.250,2.818,-1.810,9.483,-0.026,0.580,-1.264
25.050,30.000,68.100,2.172,-2.128,9.622,-0.168,0.808,-0.861
28.050,30.000,67.350,0.977,-3.553,9.828,0.307,1.561,-0.036
36.000,31.950,63.300,-0.879,-2.239,9.357,0.745,1.240,0.157
40.200,39.900,57.750,-2.157,-0.800,9.012,1.034,0.848,-0.045
43.650,41.400,56.250,-2.940,0.089,8.973,1.090,0.762,0.266
44.550,48.300,50.850,-3.572,0.752,9.108,0.919,0.311,0.014
46.200,51.150,48.750,-3.065,1.810,9.210,1.720,0.188,-0.423
48.150,52.800,45.000,-3.862,3.089,8.358,2.004,0.354,0.100
47.400,60.600,29.700,-4.096,4.975,6.160,2.751,0.184,0.374
47.400,63.000,24.150,-5.131,6.100,4.410,2.692,-0.571,-0.424
49.500,62.400,19.800,-4.958,7.465,1.956,2.933,-1.296,-0.301
49.050,62.400,11.700,-4.891,8.047,0.500,3.073,-1.998,-0.355
50.550,61.200,4.650,-3.754,9.462,-1.647,3.493,-2.171,0.526
53.100,55.950,-0.300,-3.730,9.881,-3.170,1.789,-1.715,0.300
53.250,56.100,0.450,-2.653,8.339,-3.036,2.073,-1.718,0.610
53.250,55.350,-1.650,-3.299,7.657,-4.561,2.355,-2.042,0.761
55.200,53.700,-1.650,-3.237,7.140,-5.930,2.463,-1.978,0.718
54.000,54.600,-4.650,-3.110,6.433,-7.331,2.578,-1.308,1.381
52.200,52.950,-7.200,-2.564,6.596,-8.610,1.466,-0.874,1.196
50.100,54.000,-9.600,-3.230,6.469,-9.450,1.261,-1.080,1.266
48.750,54.900,-10.500,-3.254,4.357,-8.466,0.855,-0.670,1.430
45.450,55.500,-9.300,-3.247,4.542,-8.914,0.528,-1.078,1.072
45.900,55.950,-9.300,-2.890,4.530,-8.736,0.816,-0.939,1.481
42.900,58.200,-9.300,-3.433,4.621,-8.289,0.185,-0.576,1.646
36.900,60.450,-10.500,-2.880,4.781,-8.322,0.952,-0.626,1.377
34.050,60.600,-11.850,-2.885,4.645,-8.540,0.291,-0.798,1.606
31.800,61.350,-11.550,-3.112,4.575,-8.511,0.470,-0.849,1.650
27.300,61.800,-12.900,-2.598,5.183,-8.763,0.665,-0.941,1.367
24.450,60.450,-14.250,-2.789,4.262,-8.576,0.628,-0.997,1.269
23.700,60.000,-15.000,-1.978,4.149,-7.549,0.671,-0.909,1.074
22.500,55.650,-18.300,-2.880,3.807,-7.592,1.164,-0.887,0.981
22.350,53.550,-20.850,-4.207,4.238,-9.780,0.451,-0.333,1.516
19.500,54.150,-22.050,-3.622,3.802,-9.076,1.112,-0.598,1.304
18.000,49.800,-24.750,-3.089,4.135,-8.691,0.283,-1.145,0.872
18.750,47.100,-26.550,-3.900,3.644,-8.212,0.492,-1.076,0.764
21.150,45.000,-26.700,-5.387,3.259,-8.413,0.692,-1.281,0.769
22.950,42.750,-27.750,-5.382,3.115,-7.518,0.458,-0.954,0.904
27.300,37.950,-29.700,-6.031,2.981,-7.551,0.285,-1.100,0.745
31.050,37.950,-26.700,-6.546,2.902,-7.286,0.830,-1.295,0.636
31.800,38.250,-26.700,-6.759,3.112,-5.990,1.195,-0.762,0.529
33.600,31.050,-26.250,-7.508,2.976,-6.266,1.112,-0.165,0.696
33.900,30.300,-28.500,-7.185,2.626,-6.768,1.248,-0.184,0.610
35.400,26.700,-29.550,-6.196,1.657,-6.783,1.546,0.317,0.672
35.250,18.300,-29.400,-6.050,1.391,-6.883,1.535,-0.038,0.649
34.050,15.900,-29.400,-6.500,0.737,-7.647,1.966,0.654,1.017
31.500,13.950,-28.650,-5.816,0.364,-7.377,1.362,0.882,1.349
28.650,4.800,-29.250,-5.380,0.098,-8.310,1.479,1.214,1.504
26.700,1.650,-28.500,-4.094,-0.239,-9.273,1.089,0.723,1.293
26.700,1.650,-28.500,-3.912,-0.333,-9.012,1.201,1.221,1.256
25.800,-4.200,-27.900,-2.763,-1.542,-9.692,0.930,1.646,1.414
21.450,-5.550,-27.300,-1.288,-1.853,-9.838,0.656,1.610,1.512
21.450,-5.550,-27.300,-0.294,-2.291,-9.371,0.466,1.864,1.778
16.500,-8.700,-27.300,1.413,-2.480,-10.666,-0.276,1.683,1.728
13.950,-6.900,-28.200,1.970,-2.157,-10.475,-0.566,1.152,1.799
13.950,-6.900,-28.200,2.871,-2.447,-9.086,-0.114,1.093,1.902
12.300,-6.750,-29.250,3.390,-2.090,-9.254,-1.132,2.039,1.787
7.500,-1.500,-33.150,5.650,-2.286,-8.255,-1.537,1.897,1.928
7.500,-1.500,-33.150,6.065,-1.769,-6.919,-1.443,1.573,1.711
-0.450,4.800,-34.800,6.551,-0.682,-7.539,-1.429,1.298,1.114
-5.400,8.400,-34.050,8.574,-1.180,-5.492,-1.873,1.623,1.092
-12.600,14.550,-31.050,8.521,-0.857,-5.574,-1.634,2.045,1.263
-18.000,14.550,-28.050,9.402,-1.379,-3.948,-1.620,2.324,0.841
-26.850,18.750,-21.150,10.276,-0.848,-3.019,-1.924,2.039,0.003
-31.650,28.350,-12.750,10.293,-0.318,-0.589,-2.192,1.262,-1.362
-34.350,34.950,-9.750,9.050,0.910,0.848,-1.998,1.134,-0.660
-34.350,40.500,-1.650,10.331,1.774,2.234,-1.944,0.939,-0.297
-33.000,44.550,5.850,8.916,1.568,2.626,-2.461,0.992,-0.288
-31.800,46.950,10.800,9.189,1.638,4.611,-2.072,0.454,-0.775
-28.800,50.100,18.600,8.744,1.415,2.313,-1.576,-0.030,-0.783
-26.550,50.400,24.900,8.698,1.784,4.278,-2.217,0.629,-0.926
-23.700,51.000,31.800,7.683,1.724,4.820,-2.152,1.026,-1.362
-17.400,50.850,41.700,6.522,1.379,6.838,-1.679,0.306,-1.282
-11.550,49.500,45.150,8.368,3.045,5.586,-2.652,1.833,-1.919
-1.200,45.150,54.450,3.974,1.180,9.371,-0.684,-0.333,-1.542
0.000,46.500,54.300,6.452,2.296,7.719,-1.168,-0.099,-1.505
3.600,43.500,57.150,4.822,2.059,7.946,-1.085,0.252,-1.559
7.650,37.650,57.900,4.137,1.791,8.420,-0.865,0.361,-1.507
8.100,36.450,58.200,4.034,2.356,9.064,-0.135,0.090,-1.412
11.700,35.550,59.850,3.474,2.854,8.696,-0.307,0.334,-1.389
14.550,36.150,58.950,2.746,3.230,8.792,-0.014,-0.084,-1.322
14.400,35.100,58.800,2.361,3.630,8.605,-0.173,-0.442,-1.356
14.400,34.350,59.250,3.134,3.991,9.007,-0.050,-0.136,-1.205
16.050,33.750,59.700,1.616,4.120,7.954,-0.346,-0.435,-1.133
13.800,31.800,60.900,3.390,4.434,8.054,-0.099,-1.118,-1.532
13.800,31.800,59.700,1.506,4.120,8.756,-0.739,0.299,-1.501
15.300,27.900,60.150,1.259,4.408,8.231,-0.114,-0.474,-1.508
12.450,27.750,61.350,1.781,5.157,8.787,-0.208,-0.189,-1.878
14.700,25.800,61.350,-0.534,3.962,8.440,-0.556,0.335,-1.280
16.650,22.950,59.850,-0.419,4.195,8.473,-0.828,0.598,-1.401
21.600,20.700,61.350,-1.616,4.312,9.443,-0.421,0.810,-1.620
21.600,19.050,61.050,-2.555,3.381,9.024,0.409,-0.404,-1.509
21.450,19.650,61.650,-1.760,3.165,7.903,-0.440,0.670,-0.979
25.500,15.000,62.700,-3.661,2.509,9.098,-0.865,1.502,-1.330
26.850,12.450,59.250,-4.515,2.356,9.220,0.949,-1.114,-1.169
22.200,16.200,62.400,-4.503,2.545,7.535,0.344,-0.151,-1.153
23.100,13.950,62.550,-4.494,2.725,8.782,0.163,0.037,-0.914
21.900,14.850,62.100,-4.199,2.828,8.712,0.434,-0.511,-1.216
21.600,16.800,65.100,-3.553,2.658,8.382,0.082,0.222,-1.331
24.750,13.500,63.450,-5.205,1.719,8.633,-0.148,0.941,-1.244
24.600,12.450,62.100,-5.466,1.219,7.815,0.206,0.193,-1.578
26.100,11.250,62.550,-5.997,0.366,7.683,-0.118,1.278,-1.298
29.700,11.400,61.950,-6.584,-0.316,7.475,0.744,0.769,-1.266
32.250,11.700,62.550,-7.216,-0.431,6.891,0.810,0.874,-1.378
34.350,13.050,61.650,-7.685,-1.247,5.763,0.518,0.940,-1.681
40.050,10.350,58.650,-7.642,-2.021,5.497,0.376,1.432,-1.953
43.350,8.700,56.700,-8.155,-3.294,4.187,1.213,1.430,-1.875
46.050,7.500,53.700,-8.447,-4.073,3.084,1.184,1.660,-1.779
50.100,6.150,49.800,-8.124,-4.788,1.853,0.784,2.415,-2.211
54.600,0.000,43.200,-8.449,-5.346,0.256,1.268,1.875,-1.326
57.450,0.150,40.350,-8.083,-6.263,-0.536,0.917,2.229,-0.756
62.700,-0.150,33.600,-7.626,-6.519,-1.168,0.977,2.198,-0.041
65.250,1.500,23.400,-7.058,-6.843,-2.327,1.119,2.807,0.217
67.500,1.950,18.900,-6.601,-7.053,-3.522,1.768,2.172,-0.244
66.150,2.400,9.450,-5.004,-6.349,-3.369,1.517,2.486,-0.406
62.550,-1.050,0.600,-5.076,-7.762,-4.585,1.260,2.902,-0.296
60.150,-4.050,-2.400,-4.944,-8.121,-5.104,1.052,2.152,0.190
55.050,-4.200,-10.350,-4.808,-7.841,-4.721,0.687,1.977,0.582
50.100,-3.900,-15.150,-4.281,-7.934,-4.496,0.818,1.858,0.705
46.650,-3.900,-17.850,-3.783,-7.791,-4.456,1.084,1.433,0.454
43.050,-3.600,-19.050,-4.360,-8.358,-4.441,0.883,1.137,1.093
41.550,-5.550,-20.250,-4.372,-8.729,-4.920,0.595,1.405,0.986
38.400,-4.500,-22.500,-4.654,-7.554,-4.286,0.491,1.593,0.857
36.000,-6.150,-21.600,-3.108,-7.918,-5.895,-0.652,3.388,0.963
23.100,-1.050,-30.150,-3.168,-6.337,-6.649,-1.297,3.313,1.361
21.750,-0.150,-28.800,-2.851,-6.560,-8.076,1.565,-0.309,1.053
18.000,-0.900,-27.750,-2.212,-5.337,-8.174,-1.488,4.097,1.239
3.150,2.100,-28.500,-0.970,-5.013,-8.607,0.467,0.958,1.243
3.900,-2.100,-26.250,-1.219,-5.035,-9.256,0.093,1.046,1.211
3.900,-4.050,-25.800,-0.939,-4.843,-8.847,-0.286,1.389,1.277
-0.300,-3.000,-24.450,-0.333,-4.458,-9.036,0.068,0.776,1.349
1.650,-5.550,-24.300,-1.049,-5.049,-8.341,-0.128,0.713,1.425
0.300,-6.600,-23.100,-0.067,-4.144,-9.464,-1.017,2.161,1.161
-4.050,-4.650,-21.600,0.821,-3.323,-9.857,-1.893,2.809,1.145
-12.600,-0.150,-20.550,2.571,-1.798,-9.361,-1.772,2.050,1.111
-14.100,0.150,-19.050,3.646,-1.106,-9.134,-1.343,0.911,1.057
-15.300,2.850,-18.750,4.762,-0.297,-8.835,-1.963,1.383,0.950
-19.500,6.750,-17.250,5.155,0.436,-7.946,-1.366,0.652,1.095
-19.800,4.500,-18.000,5.641,0.840,-7.815,-1.110,0.671,1.163
-20.550,6.750,-17.250,6.129,1.018,-7.700,-1.353,0.363,1.011
-21.450,6.750,-18.750,6.919,1.142,-6.728,-1.697,0.184,1.164
-20.850,9.750,-18.600,6.910,1.487,-6.907,-1.802,0.312,1.062
-21.000,10.650,-19.500,7.075,0.967,-6.076,-1.784,0.106,1.028
-22.650,13.200,-20.850,8.088,2.382,-5.004,-2.118,0.948,0.600
-21.750,16.950,-19.050,8.037,2.483,-4.367,-1.414,-0.251,0.800
-22.650,17.550,-19.650,8.080,2.964,-4.089,-1.998,0.077,0.853
-23.250,20.850,-21.000,8.689,3.405,-3.496,-1.936,-0.122,0.848
-25.200,26.400,-19.050,8.799,3.378,-2.217,-2.225,0.436,0.896
-25.950,27.150,-18.300,9.124,3.433,-1.918,-2.113,0.005,0.593
-26.550,30.000,-18.600,9.400,3.127,-1.343,-2.450,-0.255,0.122
-26.250,38.100,-14.250,9.206,3.223,-0.608,-2.427,-0.110,0.224
-27.000,5.100,-14.250,8.590,3.282,-0.467,-2.538,0.146,0.352
-26.250,47.550,-5.400,8.564,3.139,0.254,-2.254,-0.350,0.323
-27.900,48.600,-2.700,9.167,3.144,1.018,-2.421,-0.174,0.067
-28.650,52.200,4.950,9.230,2.861,1.951,-2.193,-0.336,-0.130
-26.550,53.100,5.550,9.646,2.909,2.076,-1.977,-0.529,-0.316
-22.500,54.900,10.500,8.983,2.631,1.956,-2.074,-0.360,-0.576
-22.200,58.050,16.950,8.885,2.538,2.306,-2.097,-0.653,-0.382
-21.450,58.800,19.050,9.148,2.732,2.322,-2.065,-0.582,-0.399
-20.100,57.450,25.650,8.748,2.734,2.428,-1.788,-0.777,-0.305
-19.500,55.350,29.250,9.036,3.201,2.253,-1.574,-0.950,-0.228
-19.500,55.350,29.250,9.254,3.508,1.800,-1.128,-1.009,-0.607
-18.750,56.100,28.050,9.038,3.900,1.884,-0.682,-1.552,-1.029
-15.300,58.800,25.500,8.133,4.132,0.426,-0.505,-2.303,-0.525
-15.300,58.800,25.500,8.317,4.700,-1.413,0.071,-2.649,0.373
-18.900,56.250,14.400,7.714,4.729,-3.958,0.094,-2.583,0.274
-17.250,54.900,3.900,6.495,4.238,-5.394,0.096,-2.888,0.557
-15.300,49.800,-5.700,6.124,3.771,-6.433,0.315,-2.985,1.552
-16.050,47.850,-9.750,4.477,3.182,-8.689,0.269,-1.701,1.765
-14.400,39.900,-16.350,3.723,2.138,-8.665,0.554,-1.593,1.650
-10.200,32.400,-23.100,2.480,1.087,-9.570,1.063,-2.185,1.579
-10.200,32.400,-23.100,0.826,-0.077,-9.998,1.014,-1.792,1.838
0.000,20.250,-29.400,0.256,-0.438,-9.385,1.623,-1.627,1.639
9.000,8.550,-30.900,-3.445,-2.708,-9.340,2.019,-1.381,1.472
9.000,8.550,-30.900,-3.397,-3.531,-9.237,1.574,-0.707,1.468
19.650,-4.950,-25.950,-5.088,-4.202,-8.155,2.029,-0.954,1.300
25.050,-13.950,-21.150,-5.519,-4.731,-7.037,2.179,-0.306,0.628
25.050,-13.950,-21.150,-5.624,-5.370,-6.421,0.994,0.794,1.060
27.600,-19.500,-12.900,-5.775,-5.392,-5.392,1.342,0.305,0.815
29.700,-22.500,-9.450,-6.002,-5.624,-5.351,1.442,-0.045,0.679
29.700,-22.500,-9.450,-6.819,-6.163,-4.939,1.117,0.488,0.843
34.800,-25.350,-1.050,-6.541,-5.983,-4.396,1.724,-0.176,0.707
38.400,-25.950,5.400,-7.180,-5.911,-3.079,1.432,0.065,0.339
38.400,-25.500,12.000,-7.676,-6.440,-3.105,1.300,0.235,0.320
38.400,-25.500,12.000,-7.539,-6.117,-2.361,1.154,0.647,0.508
43.050,-25.200,16.950,-7.652,-6.187,-2.169,1.517,0.635,0.394
44.400,-22.200,22.350,-7.570,-6.421,-1.717,1.893,0.162,0.491
44.400,-22.200,22.350,-8.078,-6.182,-0.409,2.477,-0.535,0.360
44.400,-16.800,40.200,-8.274,-5.600,0.761,2.290,-0.964,-0.205
42.300,-10.350,45.600,-8.657,-5.705,2.045,0.918,1.300,-0.330
42.300,-10.350,45.600,-8.595,-5.334,1.645,1.384,0.942,-0.346
46.800,-7.200,47.100,-8.823,-5.198,1.611,2.006,0.279,-0.309
47.700,-0.750,51.300,-8.619,-5.373,3.575,2.576,0.176,-0.169
47.700,-0.750,51.300,-8.210,-4.877,3.177,3.918,-2.324,-1.064
37.350,17.400,61.200,-6.814,-3.266,6.433,0.922,0.436,-1.286
36.450,21.450,60.600,-5.454,-2.926,6.448,1.287,-0.126,-1.536
36.450,21.450,60.600,-4.958,-2.464,5.397,1.813,-0.198,-1.342
38.400,25.500,60.450,-7.221,-3.998,5.897,0.656,0.278,-1.860
40.350,25.950,60.450,-5.411,-3.247,7.513,0.956,0.115,-1.928
41.100,28.650,57.450,-4.877,-3.292,7.456,1.503,0.070,-1.792
41.100,28.650,57.450,-4.961,-3.934,7.573,0.990,-0.126,-2.136
42.450,27.300,55.050,-5.069,-3.977,7.630,1.024,0.111,-1.454
43.050,28.350,55.200,-3.275,-2.897,8.406,1.381,-1.029,-1.660
43.050,28.350,55.200,-3.333,-2.478,9.301,0.135,0.500,-1.898
44.850,22.800,54.450,-4.494,-2.569,7.293,0.325,0.829,-1.490
48.600,18.300,51.000,-5.028,-3.491,9.404,0.025,1.518,-1.688
48.600,18.300,51.000,-4.276,-3.012,8.159,1.155,-0.057,-1.737
49.350,14.400,48.000,-3.644,-3.067,8.226,1.524,-1.663,-1.990
41.850,13.500,54.900,-2.327,-2.322,9.584,1.384,-1.944,-2.244
41.850,13.500,54.900,0.570,-0.187,9.443,1.952,-4.216,-2.078
16.050,17.700,62.400,2.921,1.140,9.139,-0.820,0.479,-1.904
16.650,15.600,61.800,2.346,0.833,10.113,0.665,-1.712,-1.944
16.650,15.600,61.800,3.986,2.260,7.841,1.091,-2.900,-1.623
-1.950,23.250,59.700,5.104,3.357,7.712,0.169,-2.116,-1.522
-10.050,25.200,55.950,6.021,3.984,6.359,-0.615,-1.255,-1.019
-12.450,25.800,52.800,6.476,4.116,6.883,-0.157,-1.363,-1.154
-12.450,25.800,52.800,6.254,4.951,4.736,0.319,-2.773,-1.100
-21.750,31.800,46.350,6.639,5.483,3.316,-1.271,-0.679,-0.499
-25.200,29.850,41.550,7.118,5.468,3.541,-0.597,-1.858,-0.402
-25.200,29.850,41.550,7.362,5.507,2.306,-0.032,-2.536,-0.428
-29.700,33.000,28.800,7.913,5.648,1.614,-1.098,-1.542,-0.228
-33.900,30.600,22.800,7.942,5.746,1.803,-0.630,-2.126,0.093
-33.900,30.600,22.800,7.470,5.813,-0.754,-0.166,-2.547,0.288
-33.300,30.000,5.100,7.630,5.502,-3.804,-0.230,-2.815,0.428
-28.950,27.900,-7.500,6.823,5.270,-4.286,-1.003,-1.928,0.434
-28.950,27.900,-7.500,6.826,4.891,-4.894,0.593,-3.725,0.693
-14.700,23.400,-25.200,4.911,4.697,-7.487,1.502,-3.629,0.637
0.750,16.350,-32.400,2.746,3.390,-8.533,0.566,-1.516,1.127
5.850,13.050,-33.600,2.950,2.705,-9.431,0.006,-0.715,1.569
5.850,13.050,-33.600,2.646,2.478,-8.126,-0.636,-0.852,1.498
12.300,12.600,-35.550,1.403,2.851,-9.934,-0.258,-0.192,1.887
14.700,12.450,-37.950,1.808,2.172,-9.012,0.371,-0.709,1.648
14.700,12.450,-37.950,1.499,2.128,-10.173,-0.126,-0.918,1.273
25.350,9.000,-36.450,1.020,1.530,-9.948,1.585,-2.599,1.645
38.850,4.500,-30.300,0.220,0.211,-10.125,0.931,-1.131,1.381
38.850,4.500,-30.300,-1.360,0.014,-8.056,0.432,-0.259,1.542
46.950,4.200,-26.400,-2.059,-0.685,-8.856,2.467,-3.082,1.577
56.250,0.900,-16.500,-3.239,-1.267,-9.481,0.746,0.374,1.464
56.250,0.900,-16.500,-5.167,-3.704,-7.659,3.197,-2.850,1.420
63.450,1.350,-1.200,-4.673,-4.037,-7.163,3.321,-2.476,0.352
66.300,1.500,12.900,-7.386,-5.116,-5.638,1.372,0.619,0.449
67.500,3.450,11.100,-7.369,-5.198,-3.747,2.382,-0.831,0.582
67.200,4.200,14.400,-7.968,-5.454,-2.902,1.899,-0.049,0.394
65.550,9.750,20.400,-8.183,-5.562,-1.530,2.628,-0.711,0.377
66.300,13.950,27.900,-8.569,-5.634,0.498,3.117,-1.490,0.115
66.300,13.950,27.900,-8.471,-5.042,2.270,2.680,-1.492,-0.389
59.550,20.250,35.700,-8.181,-4.302,4.300,1.810,-0.348,-0.699
58.650,22.050,38.550,-6.855,-3.833,5.109,1.842,-0.763,-1.120
58.650,22.050,38.550,-5.521,-3.567,5.997,2.247,-1.526,-1.315
51.750,22.050,45.150,-5.547,-2.811,7.791,1.804,-1.031,-1.415
50.550,22.500,47.100,-4.597,-2.600,8.152,0.770,0.217,-1.449
50.550,22.500,47.100,-4.290,-2.344,8.183,0.817,-0.331,-1.334
51.900,19.950,45.450,-4.295,-2.215,8.418,0.025,0.380,-1.092
49.800,13.050,45.150,-4.587,-2.516,8.624,-0.028,0.558,-1.009
51.000,12.600,45.150,-4.310,-2.677,8.071,0.257,0.179,-1.092
51.150,11.250,44.700,-4.583,-2.672,9.230,-0.038,1.569,-1.268
53.250,4.500,37.350,-4.937,-3.500,6.914,0.791,1.940,-1.693
54.600,-2.250,31.200,-5.899,-3.663,6.541,0.726,2.053,-1.618
54.600,-2.250,31.200,-7.274,-4.142,5.746,0.761,1.783,-1.418
52.350,-9.300,24.150,-7.468,-4.391,5.248,1.101,1.897,-1.462
50.250,-13.800,21.000,-7.671,-5.085,4.487,1.689,2.457,-1.105
50.250,-13.800,21.000,-7.276,-5.195,3.610,2.148,2.154,-1.261
46.650,-16.800,22.350,-7.951,-5.258,2.856,2.470,1.702,-0.882
44.100,-16.500,25.800,-7.764,-5.399,2.626,2.266,1.573,-1.124
43.650,-18.000,26.400,-8.377,-5.200,2.478,2.261,1.344,-0.924
42.000,-18.300,28.650,-7.494,-5.337,2.294,2.240,1.340,-1.010
40.950,-16.350,37.950,-8.100,-5.655,1.930,2.267,0.987,-0.802
43.950,-12.900,38.700,-7.846,-5.986,1.858,1.707,2.097,-1.154
43.950,-12.900,38.700,-7.314,-6.345,1.027,1.432,2.573,-0.777
47.700,-12.000,33.900,-11.090,-8.248,-0.201,0.436,4.366,-0.762
53.850,-12.900,19.650,-7.788,-6.287,-2.509,1.459,3.892,0.332
53.850,-12.900,19.650,-6.926,-7.429,-3.464,3.131,1.711,0.202
57.300,-9.750,18.150,-6.572,-7.767,-3.033,3.289,2.419,0.666
61.500,-5.400,17.100,-6.764,-7.128,-2.227,2.851,2.374,1.087
61.500,-5.400,17.100,-6.898,-7.331,-2.057,2.841,1.461,0.836
66.300,1.500,13.350,-7.242,-7.829,-0.613,2.604,1.453,0.643
66.150,5.250,9.750,-6.448,-6.981,-0.084,2.568,1.783,0.140
66.150,5.250,9.750,-7.168,-7.142,-0.508,2.235,1.733,-0.088
66.750,2.700,5.550,-6.797,-7.283,-0.172,2.123,1.701,-0.038
60.900,-0.450,-3.150,-7.183,-7.063,-0.354,1.852,1.415,-0.228
61.500,-3.450,-1.800,-7.721,-7.070,-1.269,0.576,0.862,-0.507
60.900,-4.800,-3.450,-7.104,-7.764,-1.470,-1.060,-0.228,-0.386
58.950,-4.800,-5.400,-5.725,-7.690,-0.852,-2.256,-0.589,-0.444
61.500,0.000,-6.600,-6.390,-7.774,-1.188,-1.578,-1.217,0.035
61.500,0.000,-6.600,-6.005,-7.168,-0.529,-0.860,-1.936,0.384
64.800,3.450,2.550,-6.840,-7.712,-0.634,-0.731,-1.401,-0.071
66.600,3.600,9.750,-7.245,-7.623,0.038,-0.355,-1.314,0.073
66.600,3.600,9.750,-6.730,-6.783,0.208,-0.783,-0.814,0.229
64.500,4.200,14.100,-7.089,-6.598,-0.390,-1.190,-0.914,0.132
64.350,6.750,18.000,-7.293,-6.771,-0.668,-1.136,-0.450,0.319
64.350,6.750,18.000,-8.272,-6.464,-1.317,-0.644,-0.998,0.707
66.150,9.150,19.500,-7.973,-5.600,-0.670,-0.413,-0.785,0.287
62.700,9.450,24.300,-8.224,-5.339,0.579,-0.147,-0.542,-0.177
63.450,8.400,26.550,-8.741,-5.909,0.129,-0.168,-0.148,-0.213
62.400,8.400,27.300,-8.267,-5.715,2.081,0.160,0.327,-0.311
61.950,6.450,24.750,-8.617,-6.721,2.169,1.777,1.588,-0.368
61.950,6.750,21.750,-7.441,-6.460,0.426,2.416,2.579,-0.335
63.750,7.350,18.150,-7.343,-6.500,-0.113,2.651,2.992,-0.276
61.500,3.450,2.550,-6.871,-6.378,-1.176,2.592,2.970,-0.295
55.350,-2.700,-5.550,-6.443,-6.768,-1.034,2.287,2.811,-0.332
55.350,-2.700,-5.550,-6.213,-7.350,-0.807,2.843,1.995,-1.148
42.000,-15.150,-5.550,-5.744,-8.320,-0.699,2.644,2.819,-1.478
31.650,-23.550,-0.450,-5.351,-9.256,-0.417,2.365,3.118,-0.907
30.150,-26.700,2.700,-4.925,-9.172,0.239,2.523,2.669,-0.223
25.500,-27.150,5.700,-5.248,-8.861,1.053,2.068,2.459,0.315
27.900,-29.100,18.750,-6.433,-8.116,1.128,1.865,1.867,0.744
30.300,-27.750,20.100,-7.489,-7.630,1.547,0.895,0.865,1.810
33.750,-23.850,19.350,-8.112,-5.801,1.199,0.258,0.466,2.019
47.250,-16.500,20.550,-8.825,-4.657,0.781,0.049,-0.266,2.075
48.900,-11.250,23.400,-9.366,-3.100,1.058,-0.288,-0.383,1.706
51.000,-9.900,21.000,-9.000,-1.853,2.188,-0.525,-0.884,0.810
52.950,-6.450,25.050,-8.009,-0.994,3.977,-0.498,-0.349,-0.577
51.750,-6.000,25.500,-9.498,-3.065,2.739,-0.180,-0.508,-1.671
46.050,-15.000,27.300,-8.282,-4.369,3.199,0.030,0.086,-2.250
41.850,-18.150,28.500,-7.841,-6.771,1.030,0.415,1.019,-2.886
28.050,-27.300,27.900,-7.482,-8.045,1.307,0.439,1.522,-2.870
21.900,-30.000,29.400,-5.150,-8.758,0.809,1.062,1.915,-2.764
16.050,-31.050,30.600,-4.444,-9.594,1.707,1.301,2.895,-2.563
9.000,-27.000,42.000,-3.342,-9.787,2.157,1.458,3.271,-1.468
11.550,-24.000,46.350,-3.634,-9.457,2.191,1.542,3.108,-0.356
14.550,-20.850,48.150,-3.548,-8.473,3.043,1.706,2.340,0.405
25.950,-15.000,53.400,-4.750,-7.731,3.749,1.724,1.984,0.966
36.600,-6.000,54.450,-5.239,-6.167,3.895,1.099,1.615,1.043
44.700,-1.500,53.550,-7.190,-5.519,3.926,0.378,1.090,0.643
48.600,2.250,51.000,-8.459,-5.643,3.428,0.335,0.758,0.996
53.100,5.400,51.000,-8.751,-5.406,2.988,0.270,0.505,1.104
53.100,12.000,49.050,-8.741,-4.049,2.710,-0.140,-0.178,1.413
53.250,14.550,51.150,-8.662,-3.139,3.316,-0.033,-0.208,0.710
52.500,17.400,50.850,-8.770,-3.021,3.038,-0.067,-0.497,-0.387
50.400,14.400,52.800,-7.860,-3.517,3.527,-0.392,-0.395,-1.022
49.500,12.300,52.650,-8.389,-4.635,3.651,0.242,1.396,-2.421
50.250,5.250,50.850,-7.609,-6.567,0.764,0.981,1.877,-2.964
52.500,0.150,44.100,-6.395,-8.171,-0.737,1.360,2.839,-3.203
53.100,-11.250,38.250,-4.872,-9.079,-0.970,1.005,3.515,-2.939
49.650,-14.400,31.650,-3.105,-10.180,-0.634,1.398,3.080,-2.460
47.550,-21.300,26.250,-2.523,-10.558,0.486,1.381,3.284,-1.795
43.050,-24.000,21.300,-1.346,-10.180,0.977,1.592,3.455,-0.791
43.800,-23.550,21.300,-1.123,-9.718,2.368,1.662,2.742,-0.289
43.200,-24.150,19.650,-2.270,-9.306,3.206,1.286,2.668,-0.040
42.000,-24.150,17.100,-3.826,-8.760,2.806,-0.131,3.676,0.475
43.650,-22.200,12.150,-4.872,-8.502,2.263,-0.391,2.894,0.955
43.050,-18.900,1.650,-6.249,-8.528,0.934,0.254,1.214,1.102
46.200,-15.600,-0.300,-6.347,-7.298,0.328,-0.081,1.507,1.259
47.550,-12.600,-5.400,-7.216,-7.163,-0.316,0.130,1.300,0.689
46.650,-11.250,-7.050,-8.090,-6.883,-0.577,1.357,-0.862,0.421
48.750,-11.850,-0.450,-7.602,-5.765,0.467,1.193,-0.173,0.109
48.750,-15.000,7.500,-7.451,-5.581,2.689,2.160,-1.571,-0.365
47.700,-17.550,12.900,-7.666,-5.385,4.154,2.442,-1.828,-0.689
43.050,-15.000,28.050,-6.278,-4.870,6.038,2.050,-1.568,-1.175
35.550,-15.900,39.750,-5.186,-4.355,7.350,1.612,-0.926,-1.094
32.550,-13.200,41.700,-4.166,-3.421,7.496,2.025,-2.756,-1.021
20.100,-6.900,54.000,-0.821,-1.516,8.878,1.536,-2.678,-1.664
6.900,-0.900,54.900,0.038,-0.366,6.835,0.732,-1.385,-1.556
-3.600,6.450,57.150,2.234,0.697,9.120,0.822,-2.021,-1.199
-10.350,7.950,54.900,4.233,2.179,7.702,0.452,-2.186,-1.354
-18.750,11.850,50.400,4.386,2.715,7.436,-0.030,-2.569,-1.522
-29.100,18.750,41.250,6.213,3.335,7.695,0.238,-3.245,-1.328
-31.050,21.000,34.650,7.614,3.761,4.386,-0.571,-2.075,-0.910
-35.250,23.400,25.650,7.769,3.814,4.175,-0.549,-1.876,-0.601
-36.600,26.400,15.750,8.780,4.422,2.198,-0.734,-1.806,-0.420
-38.400,28.650,12.000,8.583,4.137,2.071,-0.779,-1.832,-0.048
-35.100,28.650,4.200,8.631,4.101,-0.407,-0.538,-2.085,0.162
-31.500,26.100,-5.850,8.799,4.073,-1.070,-0.434,-2.266,0.772
-30.450,25.950,-9.000,9.031,2.665,-1.190,-1.418,-1.394,1.054
-26.550,26.100,-16.350,8.997,3.156,-1.786,-1.136,-1.303,1.241
-21.600,24.150,-20.400,8.392,3.179,-2.883,-0.643,-1.544,1.020
-19.050,22.800,-24.300,9.335,2.861,-4.252,-1.034,-1.067,1.157
-15.450,23.400,-26.700,8.286,1.784,-4.290,-1.464,-1.106,1.215
-11.850,25.500,-29.550,8.847,1.551,-4.219,-1.486,-0.547,1.405
-10.950,27.300,-28.650,7.827,1.298,-5.061,-1.005,-0.723,1.170
-10.050,28.650,-29.850,8.507,1.652,-5.016,-1.120,-0.557,1.260
-8.700,30.900,-31.200,7.661,1.812,-9.112,-1.092,-2.116,1.529
-1.050,31.650,-32.700,7.954,0.979,-6.730,-1.638,-0.982,1.836
-0.150,34.500,-33.600,6.677,0.433,-7.733,-0.678,-1.809,2.043
4.800,35.550,-33.900,5.911,-0.034,-8.760,-1.609,0.034,1.951
1.950,41.550,-30.600,5.052,-0.165,-7.951,-1.708,-0.546,1.785
0.900,44.400,-28.800,5.004,0.364,-9.347,-1.128,-0.231,1.642
-0.750,45.750,-25.950,5.179,0.510,-7.587,-0.261,-0.916,1.849
-0.900,44.400,-26.550,5.315,0.338,-9.306,-0.466,-0.369,1.754
-4.500,44.100,-25.950,4.530,0.218,-8.902,-0.953,-0.069,1.287
-5.100,43.950,-24.000,3.974,-0.132,-9.100,0.052,-0.892,1.375
-6.150,40.800,-25.500,4.726,-0.649,-9.110,-0.201,0.900,1.246
-13.800,38.100,-20.550,5.684,-0.792,-9.512,0.494,1.362,1.016
-16.950,35.100,-21.150,6.290,-1.314,-7.628,0.994,1.116,0.528
-20.550,27.150,-19.500,5.823,-1.334,-6.910,0.626,1.283,0.172
-24.000,24.750,-13.500,6.495,-1.630,-6.194,-0.012,1.762,0.290
-27.900,24.750,-9.450,8.679,-2.871,-5.976,-0.109,1.243,0.688
-31.950,21.300,-4.200,8.018,-2.179,-5.478,-0.783,1.009,0.554
-34.500,18.750,0.000,5.801,-2.844,-3.821,-0.912,0.981,1.221
-35.400,17.400,1.950,9.220,-3.122,-5.088,-0.414,0.890,-0.021
-34.500,13.950,4.800,8.574,-3.529,-4.034,-0.723,0.353,0.732
-34.500,11.700,7.350,8.226,-2.358,-3.709,-1.073,0.993,0.391
-36.000,10.950,13.350,6.184,-3.302,-2.593,-0.427,1.245,0.685
-37.200,9.000,14.100,8.770,-3.814,-3.187,-0.584,1.202,-0.106
-35.850,7.200,17.250,7.501,-4.511,-1.980,-1.177,1.673,0.638
-35.550,5.850,21.600,9.708,-3.615,-3.043,-1.092,0.573,0.083
-34.650,3.600,22.500,8.844,-3.510,-1.539,-0.988,0.768,0.208
-34.050,2.250,25.950,9.249,-3.450,-2.382,-1.386,0.674,-0.093
-33.900,2.400,27.000,9.246,-3.383,-0.929,-1.666,1.351,-0.282
-33.900,-0.450,29.850,9.395,-2.959,-0.812,-1.679,0.200,-0.158
-34.650,-1.350,25.800,10.015,-3.486,-2.772,-2.269,-0.792,-0.446
-36.600,0.150,17.250,8.820,-2.061,-2.619,-2.573,-1.855,-0.316
-37.500,0.000,10.050,7.846,-1.152,-4.044,-2.359,-2.137,0.139
-33.600,2.400,-1.650,7.161,0.505,-5.397,-1.665,-2.284,0.608
-29.100,4.200,-15.600,5.430,0.924,-5.368,-1.683,-2.681,0.471
-24.300,4.200,-19.350,3.850,0.991,-8.859,-0.665,-3.475,1.102
-9.300,4.050,-31.800,2.212,1.592,-10.252,-0.252,-2.326,1.490
3.900,3.300,-33.600,0.486,0.299,-10.460,-0.160,-1.698,1.728
15.150,2.250,-35.400,-1.666,1.312,-8.305,0.262,-1.814,1.316
19.800,0.150,-34.050,-1.982,0.895,-10.968,0.359,-0.953,1.359
28.200,-0.450,-34.050,-3.002,0.543,-9.450,0.610,-1.361,1.520
37.500,-3.450,-29.400,-3.689,1.372,-9.098,0.759,-1.341,1.521
41.550,-0.450,-27.300,-4.731,0.979,-8.523,0.640,-1.094,1.518
48.600,-0.750,-22.350,-6.227,0.460,-9.167,1.091,-1.011,1.463
53.850,0.750,-19.350,-6.223,0.373,-8.806,1.100,-0.544,1.630
56.550,2.250,-14.400,-5.614,0.809,-8.303,1.005,-0.399,1.711
60.300,6.150,-11.550,-6.033,1.274,-7.961,0.978,-1.398,1.633
64.050,10.950,-4.800,-7.597,1.482,-9.234,0.788,-1.450,1.460
64.050,10.950,-4.800,-7.513,1.784,-6.828,1.039,-2.271,1.011
66.900,16.200,11.700,-8.262,2.349,-4.669,1.496,-2.076,0.387
66.900,19.650,22.800,-8.399,2.320,-1.906,1.459,-2.170,0.247
66.900,19.650,22.800,-9.651,1.355,-0.843,1.644,-1.571,-0.217
60.900,24.450,36.300,-9.912,1.413,-0.129,1.656,-1.667,-0.410
57.450,25.200,40.350,-10.274,0.814,0.931,1.685,-1.619,-0.695
54.150,28.950,45.450,-9.462,0.716,2.574,1.586,-1.061,-0.557
51.900,29.250,45.450,-9.354,-0.323,2.756,1.725,-0.606,-0.951
50.850,33.600,44.250,-9.062,1.183,3.503,1.463,-0.665,-0.709
49.800,34.500,43.650,-9.787,-0.596,3.591,1.501,-0.067,-0.677
49.800,34.500,43.650,-8.734,0.493,4.317,1.595,-1.288,-0.881
49.500,36.150,44.850,-8.918,-0.333,5.054,1.439,-1.248,-1.002
47.700,36.750,43.950,-6.981,0.103,7.087,1.636,-0.112,-1.181
47.700,36.750,43.950,-8.088,-0.244,5.820,1.104,-0.829,-1.245
49.500,35.700,44.850,-7.705,-0.441,7.453,0.813,-0.575,-1.333
50.100,35.100,42.750,-6.455,-0.065,7.123,1.011,-0.589,-1.268
50.100,35.100,42.750,-6.821,-0.213,7.501,0.782,0.045,-1.471
50.850,32.400,42.450,-6.290,-0.397,7.252,0.994,-0.198,-1.315
51.900,29.700,43.950,-6.639,-0.278,8.358,0.737,-0.358,-1.566
51.900,29.700,43.950,-5.928,-0.917,7.891,0.669,-0.320,-1.562
53.250,22.800,44.400,-5.095,-0.915,8.423,0.720,-0.632,-1.630
49.050,20.100,47.850,-4.808,-1.573,9.108,0.738,-1.401,-1.491
44.400,17.100,51.300,-2.152,-1.034,9.251,0.449,-1.754,-1.520
44.400,17.100,51.300,-1.362,0.000,10.106,0.287,-0.991,-1.585
35.850,13.500,58.950,-0.541,-0.792,9.505,0.031,-0.990,-1.460
30.750,10.500,61.350,1.973,-1.065,9.598,-0.201,-1.634,-1.356
30.750,10.500,61.350,1.966,-0.706,9.972,-0.385,-1.355,-1.113
16.500,5.550,62.700,3.376,-0.974,9.124,-0.524,-1.083,-1.053
10.050,3.600,62.700,3.476,-0.989,9.012,-0.550,-1.193,-1.179
10.050,3.600,62.700,4.736,-1.006,8.906,-0.808,-1.510,-1.106
-2.250,-1.050,61.050,6.211,-0.979,7.439,-0.933,-0.727,-1.187
-8.850,-3.300,58.200,6.857,-0.682,6.407,-1.096,-0.713,-1.204
-8.850,-3.300,58.200,7.264,-1.190,6.522,-1.439,-0.462,-1.253
-13.350,-4.800,53.700,7.635,-1.506,6.500,-1.579,-0.881,-1.218
-22.350,-8.550,44.700,7.834,-0.785,5.057,-2.033,-1.587,-0.943
-28.950,-11.100,34.350,9.105,-0.481,3.797,-2.118,-1.202,-0.744
-28.950,-11.100,34.350,9.050,-1.195,1.645,-2.108,-0.865,-0.580
-32.700,-12.600,19.800,9.371,-0.915,0.809,-2.045,-1.260,-0.348
-32.550,-12.000,9.600,10.228,0.041,0.735,-1.863,-0.498,-0.166
-32.550,-12.000,9.600,9.436,-1.659,0.242,-1.866,-0.238,-0.088
-32.250,-9.300,0.000,9.768,-0.498,-0.790,-1.829,-0.372,-0.064
-30.750,-5.400,-4.800,8.432,-0.852,-1.310,-1.920,-0.806,0.155
-30.750,-5.400,-4.800,9.091,-0.745,-2.040,-2.061,-0.896,0.501
-27.300,-1.950,-11.550,8.744,-0.491,-2.969,-2.025,-0.924,0.610
-21.600,3.900,-21.600,8.748,-0.838,-4.137,-1.934,-0.868,0.866
-19.350,5.850,-24.450,9.627,-0.761,-5.464,-2.059,-0.493,0.905
-16.950,8.100,-26.700,7.762,-1.267,-4.927,-1.730,-0.681,1.145
-11.550,16.500,-30.300,7.156,-1.556,-5.904,-1.887,-0.633,0.860
-9.000,21.450,-30.900,8.485,-0.972,-6.294,-1.601,-0.342,1.280
-9.000,21.450,-30.900,7.465,-0.414,-6.237,-1.603,0.265,0.856
-11.550,29.100,-27.300,6.673,0.098,-6.230,-1.625,-0.067,1.181
-10.050,31.050,-27.300,8.547,-0.014,-6.682,-1.208,-0.261,1.328
-10.050,31.050,-27.300,6.400,-0.845,-7.221,-1.396,-0.113,1.063
-12.900,33.150,-24.900,6.515,-0.606,-6.503,-1.160,0.151,1.256
-15.150,33.600,-20.100,7.451,0.213,-6.632,-0.976,0.798,1.205
-19.650,32.850,-18.600,7.183,-1.243,-6.321,-1.229,0.093,1.375
-22.200,33.450,-15.000,7.128,-0.239,-6.357,-1.535,0.238,0.879
-22.650,32.400,-12.900,7.247,0.637,-7.209,-1.679,0.201,1.118
-25.200,32.250,-10.200,6.512,0.582,-6.551,-1.408,0.182,1.350
-27.300,29.700,-8.550,7.458,-0.373,-5.873,-1.217,0.786,1.979
-31.500,26.100,-3.600,7.563,-0.536,-5.988,-1.419,0.580,1.189
-31.800,24.600,-2.850,9.278,-1.142,-5.167,-1.544,1.027,1.611
-33.750,19.950,1.800,7.396,-1.171,-6.859,-1.615,-0.413,1.379
-34.050,14.400,0.300,8.255,-0.601,-6.139,-1.736,0.005,1.582
-33.000,9.750,-1.050,6.622,0.031,-5.696,-1.733,-0.204,1.188
-34.050,9.750,-2.850,6.067,0.658,-6.692,-1.440,-0.049,1.424
-33.150,3.300,-3.450,6.953,0.005,-8.025,-1.410,0.354,1.615
-29.550,-0.750,-6.600,5.646,-0.481,-6.970,-1.282,-0.087,1.449
-28.950,-2.100,-9.000,6.263,-0.953,-8.128,-1.197,-1.202,1.565
-23.250,-3.600,-13.500,5.586,-1.688,-9.201,-1.217,-1.938,1.590
-12.450,-3.900,-23.400,2.698,-0.577,-9.311,-0.915,-1.602,1.842
-5.850,-7.500,-26.550,2.418,0.029,-10.008,-0.719,-1.129,1.860
1.650,-7.950,-29.250,0.414,0.388,-9.658,-0.483,-1.039,1.990
13.650,-5.400,-31.650,-0.757,0.936,-9.541,-0.185,-1.256,1.940
22.650,-5.400,-31.950,-1.408,0.974,-10.036,-0.047,-0.790,2.008
26.250,-6.450,-31.050,-2.018,0.594,-9.957,0.227,-0.566,1.983
34.800,-2.250,-28.200,-1.956,-0.072,-9.522,0.348,0.057,1.961
37.500,-1.950,-30.450,-2.061,0.472,-10.015,0.292,0.060,1.950
38.700,-0.300,-28.650,-2.207,0.776,-9.953,0.341,-0.045,1.943
44.400,4.650,-27.150,-2.167,0.675,-9.998,0.244,0.160,1.884
43.800,8.700,-27.000,-2.049,1.003,-9.620,0.266,0.248,1.783
43.200,10.500,-27.450,-1.674,0.883,-9.890,0.224,0.407,1.697
45.450,12.450,-27.150,-1.362,0.776,-9.941,0.171,0.305,1.595
43.050,18.900,-29.550,-1.243,0.345,-9.962,0.081,0.452,1.462
40.950,22.950,-29.400,-0.891,0.117,-9.855,-0.071,0.570,1.351
40.950,22.950,-29.400,0.055,0.450,-10.139,-0.156,1.164,1.225
30.450,27.150,-32.850,1.085,0.498,-10.147,-0.213,1.443,1.086
22.200,28.650,-34.800,2.380,0.711,-9.586,-0.283,1.718,0.882
10.800,31.050,-35.100,3.912,0.376,-9.290,-0.344,2.056,0.732
7.650,32.250,-35.100,5.638,0.275,-8.349,-0.389,1.926,0.613
-3.900,30.600,-30.600,6.816,0.029,-7.491,-0.446,2.275,0.531
-16.050,31.500,-25.050,7.901,-0.067,-5.866,-0.448,1.807,0.375
-16.050,31.500,-25.050,8.435,0.103,-4.499,-0.296,1.789,0.229
-26.100,30.900,-14.400,9.706,-0.113,-2.978,-0.150,2.024,0.291
-31.650,31.800,-9.000,9.622,-0.476,-1.630,0.059,1.836,0.177
-34.800,29.700,1.050,9.582,-0.814,0.187,0.227,2.046,0.251
-37.350,29.550,4.650,9.835,-1.070,1.975,0.292,1.711,0.357
-38.850,26.700,13.500,9.041,-0.950,3.156,0.415,1.648,0.252
-37.500,26.550,21.150,8.100,-1.221,4.422,0.598,1.614,0.150
-36.450,24.600,28.650,7.939,-0.551,5.926,0.443,2.077,0.466
-34.800,24.150,31.950,6.433,-0.551,6.883,0.234,2.111,1.025
-33.300,20.700,40.200,6.002,-0.783,7.896,0.781,-0.002,1.050
-31.800,20.250,40.200,5.902,-0.661,8.226,0.724,0.132,1.236
-33.300,16.800,41.700,5.236,-0.869,8.523,0.787,-0.477,1.265
-33.750,13.200,41.700,5.104,-0.563,8.013,0.899,0.312,1.367
-31.800,9.750,41.250,4.413,-0.596,8.207,0.883,-0.018,1.796
-31.050,4.200,43.200,4.769,-0.460,8.583,0.806,-0.137,1.788
-30.750,1.050,43.200,4.293,-0.615,8.456,1.026,-0.767,1.588
-29.100,-1.950,40.200,5.677,-0.278,8.045,1.177,-1.053,1.457
-29.850,-5.400,39.750,6.060,-0.132,7.616,1.066,-0.591,1.404
-29.850,-6.600,39.750,7.250,-0.271,7.767,0.885,-0.541,1.441
-26.100,-7.350,40.500,6.452,-1.209,7.087,0.570,-0.466,1.844
-23.850,-12.450,41.250,5.868,-2.796,6.333,-0.400,-0.201,2.326
-16.950,-20.700,40.500,7.424,-2.152,7.003,-0.043,-1.032,2.183
-14.700,-23.400,39.000,6.266,-3.457,6.340,-0.076,-1.552,2.263
-6.150,-31.050,32.100,4.482,-5.631,6.218,-0.324,-1.533,2.387
-1.200,-33.750,31.800,4.786,-7.695,4.037,-0.072,-1.929,2.066
4.050,-32.850,30.150,4.841,-7.065,3.405,-0.179,-1.091,2.193
15.900,-33.600,28.200,3.946,-9.129,3.484,0.046,-1.209,1.475
19.650,-34.350,27.150,2.363,-8.756,2.495,-0.233,-2.356,1.169
19.650,-34.350,27.150,2.413,-10.063,0.733,-0.773,-1.994,0.477
19.500,-32.550,27.000,1.793,-10.285,-0.603,-1.467,-1.997,-0.071
15.450,-34.050,17.400,2.825,-9.371,-1.140,-1.567,-1.624,-0.617
14.550,-33.450,11.250,2.859,-9.728,-3.685,-1.791,-1.700,-0.544
14.550,-33.450,11.250,3.089,-9.179,-5.025,-1.479,-1.475,-0.652
8.400,-30.600,-1.200,2.274,-6.790,-5.816,-1.411,-1.551,-1.132
5.550,-27.750,-7.800,1.602,-5.677,-7.228,-1.709,-1.598,-1.102
6.150,-23.550,-13.200,2.849,-5.011,-7.927,-0.085,-1.535,-1.979
4.500,-22.200,-14.100,1.097,-5.277,-8.437,0.271,-2.800,-0.793
9.300,-22.500,-14.250,1.032,-5.729,-8.887,0.610,-2.679,-0.737
10.500,-22.650,-12.900,0.012,-7.410,-4.932,1.086,-0.380,-1.670
4.050,-23.400,-10.350,-3.385,-7.223,-7.326,0.199,-2.025,-0.176
9.450,-25.350,-8.850,-3.103,-8.147,-7.750,0.505,-1.170,-0.834
10.950,-26.550,-5.850,-1.336,-6.912,-8.882,1.023,-2.036,0.382
14.850,-29.850,-0.150,-3.062,-8.327,-5.875,1.524,-2.198,0.071
17.250,-30.300,8.250,-3.132,-9.043,-4.099,2.243,-0.739,0.110
16.800,-29.550,12.000,-3.500,-8.959,-1.496,1.307,-0.339,0.846
20.250,-28.650,20.550,-3.328,-9.914,0.828,1.487,-0.005,0.872
22.200,-26.700,27.000,-2.737,-9.175,0.615,1.224,0.955,-1.678
15.750,-26.400,32.100,-3.124,-10.300,2.057,1.530,1.319,-1.623
13.800,-25.200,35.850,-0.103,-9.850,2.423,1.649,1.735,-1.384
12.600,-21.300,42.600,-2.325,-8.990,2.521,1.093,1.640,-0.997
14.400,-17.100,46.500,-3.175,-8.267,2.729,0.905,1.248,-0.356
13.800,-18.150,48.150,-2.813,-9.227,2.452,0.573,0.670,-0.818
14.700,-16.350,49.500,-2.473,-8.631,4.480,0.770,0.547,-0.545
14.850,-12.300,53.100,-1.348,-8.109,4.946,1.102,0.310,-0.795
13.200,-10.500,54.000,-0.948,-8.028,6.175,0.540,0.272,-0.613
12.900,-7.350,55.500,-1.549,-7.511,7.130,1.258,0.129,-0.380
13.650,-3.450,57.000,-0.673,-6.883,7.819,1.391,0.237,-0.076
13.800,6.000,61.950,-0.740,-6.086,7.592,1.915,-0.067,-0.158
13.200,10.050,61.050,-0.436,-4.269,8.825,1.243,0.200,-0.271
14.550,19.350,61.200,-0.393,-3.527,9.182,0.909,0.121,-0.366
15.750,22.500,62.700,-0.599,-2.523,9.912,1.027,0.041,-0.363
14.850,24.750,63.150,-0.510,-1.846,9.340,1.486,0.155,-0.345
17.400,34.800,60.600,-0.883,-0.663,9.383,0.870,0.213,-0.329
18.600,39.450,58.050,-0.723,0.376,9.728,0.798,0.106,-0.476
18.600,39.450,58.050,-0.646,0.960,9.993,0.705,0.146,-0.539
21.600,40.950,55.800,-0.960,1.255,9.591,0.886,0.025,-0.623
23.850,47.250,54.000,-0.773,2.571,9.986,1.262,-0.080,-0.702
27.000,54.600,47.400,-0.876,2.863,8.298,2.304,0.241,-0.967
27.000,54.600,47.400,-1.779,4.741,7.812,0.977,-0.473,-0.426
26.700,59.550,41.850,-1.460,5.294,8.071,0.827,-0.857,-0.458
27.900,61.500,37.800,-0.555,5.770,7.829,1.127,-0.646,-0.806
30.750,65.250,33.900,-0.582,6.725,6.948,1.422,-0.842,-0.653
30.450,65.850,29.550,-0.917,7.793,5.588,2.142,-1.188,-0.592
31.500,68.400,21.600,-0.328,9.292,3.651,2.544,-1.358,-0.495
33.600,67.500,14.700,0.122,9.919,1.927,1.243,-1.389,-0.119
35.400,67.500,12.450,0.510,9.986,1.750,0.290,-1.417,-0.037
33.900,68.250,10.950,1.085,10.032,1.049,0.503,-1.366,-0.086
36.600,69.450,10.950,0.520,9.843,1.144,0.549,-1.449,0.021
35.550,68.850,8.850,1.142,10.489,0.275,0.746,-1.335,-0.156
36.000,67.650,9.300,1.094,9.426,-0.175,0.312,-1.082,0.548
36.750,69.150,8.100,1.018,8.760,-0.536,0.891,-1.599,0.175
37.350,70.500,6.750,0.177,10.046,-2.313,0.723,-1.859,-0.414
41.250,66.450,10.050,-0.867,9.871,-2.643,-0.234,-2.246,-1.587
45.900,64.500,12.150,-1.853,9.481,-2.073,0.372,-2.089,-1.833
53.700,58.050,17.700,-3.687,7.939,-1.769,0.569,-1.821,-2.552
59.700,48.600,22.800,-5.255,7.757,-1.202,0.620,-1.139,-1.574
65.550,42.150,25.200,-7.008,5.921,-1.094,0.592,-0.788,-1.970
66.150,36.450,26.550,-8.404,5.303,-1.506,0.696,-0.252,-2.248
66.750,25.050,25.950,-9.400,3.352,-1.829,0.506,0.045,-2.162
68.850,16.200,26.550,-9.629,1.030,-1.798,0.337,0.016,-1.996
66.900,10.350,26.550,-9.416,0.129,-1.987,0.075,0.232,-1.962
61.200,-3.300,27.000,-9.505,-2.605,-1.465,0.422,-0.011,-1.562
61.200,-6.000,27.300,-8.662,-4.111,-0.970,0.273,-0.082,-1.465
57.900,-7.200,28.500,-8.689,-4.666,-1.506,0.270,0.037,-0.788
54.750,-13.050,28.050,-8.475,-4.836,-1.563,-0.250,-0.045,-0.852
52.650,-17.100,29.400,-8.066,-5.911,-1.468,0.126,0.263,-0.090
52.200,-15.450,27.750,-7.879,-4.937,-1.065,0.143,0.130,-0.414
50.100,-15.600,28.650,-7.980,-5.916,-1.781,-0.246,0.139,-0.095
50.550,-19.350,27.750,-7.606,-5.741,-1.659,0.297,0.324,-0.124
51.300,-16.950,27.750,-8.052,-6.740,-1.776,0.582,0.232,-0.037
48.900,-17.550,27.900,-7.123,-5.179,-1.420,0.221,0.206,-0.371
48.750,-18.450,28.800,-7.733,-5.921,-1.453,0.405,-0.201,-0.070
47.550,-16.950,31.350,-8.126,-6.165,-1.003,0.515,-0.101,-0.126
47.400,-18.750,35.400,-7.123,-6.539,-0.314,0.746,-0.314,-0.447
47.400,-18.750,35.400,-8.660,-7.755,-3.182,-0.107,-1.368,-0.840
37.350,-19.350,39.300,-5.916,-7.130,0.340,0.055,-1.061,-0.887
31.050,-21.450,43.200,-5.602,-7.491,1.559,-0.248,-1.381,-1.475
31.050,-21.450,43.200,-6.033,-8.894,2.148,0.003,-0.481,-0.784
21.600,-24.150,42.450,-4.269,-8.681,1.654,-0.119,0.023,-0.215
19.800,-24.750,44.400,-4.499,-8.660,2.416,-0.166,0.102,-0.232
20.250,-24.450,44.400,-3.764,-8.033,3.007,0.005,0.095,-0.076
20.250,-24.450,44.400,-5.210,-9.632,2.753,0.547,0.215,0.199
19.500,-20.400,46.650,-4.101,-8.777,2.418,-0.084,0.483,0.237
24.300,-20.250,46.950,-4.800,-8.183,2.447,0.191,0.190,0.261
24.450,-19.350,46.350,-4.168,-7.707,1.398,0.257,-0.088,0.282
24.600,-18.750,47.700,-5.148,-7.896,2.998,0.312,-0.135,0.350
27.000,-16.500,49.350,-4.664,-7.846,3.316,0.410,-0.169,-0.067
22.950,-15.450,50.850,-4.458,-8.468,4.209,0.179,-1.056,-0.165
18.000,-15.000,51.900,-3.903,-8.325,5.590,-0.129,-1.629,0.395
15.750,-15.000,51.600,-2.986,-7.709,6.026,0.117,-2.189,0.298
8.850,-14.550,53.100,-2.464,-7.851,5.801,-0.412,-1.289,0.608
3.150,-17.400,50.400,-1.860,-7.429,6.175,-0.172,-1.543,0.829
3.150,-17.700,50.400,-2.605,-7.779,5.499,-0.016,-1.667,1.050
0.450,-18.900,48.900,-2.301,-6.998,6.024,-0.353,-1.792,1.111
-2.250,-19.500,46.500,-1.391,-6.761,7.405,0.134,-1.055,1.168
-1.650,-20.850,46.350,-1.508,-6.699,7.142,0.470,-1.220,0.947
0.150,-22.500,46.350,-2.030,-7.010,7.288,-0.187,-0.748,1.251
0.150,-23.550,44.100,-1.652,-6.235,7.080,-0.679,-0.720,1.304
4.350,-26.400,41.850,-2.263,-6.493,7.448,-0.647,-0.760,1.273
6.900,-27.900,38.100,-2.686,-6.325,7.041,-0.683,-0.796,1.180
10.950,-29.700,36.450,-2.875,-6.397,5.902,-1.292,-0.833,0.886
11.700,-32.850,31.650,-2.591,-6.941,6.151,-1.474,-1.407,0.946
15.150,-35.100,26.400,-2.555,-8.092,6.598,-0.620,-1.082,0.824
18.000,-34.500,24.300,-2.832,-7.819,6.347,0.179,-1.163,0.826
21.450,-35.700,27.000,-2.794,-7.039,6.084,-0.176,-0.820,0.684
23.250,-35.400,25.500,-3.081,-6.974,6.618,0.121,-1.058,0.705
24.600,-33.600,28.950,-2.986,-6.785,6.594,-0.038,-0.863,0.644
25.800,-32.850,27.450,-2.856,-6.615,6.539,-0.006,-0.872,0.687
28.200,-31.500,31.050,-2.746,-6.503,6.900,-0.141,-0.592,0.687
29.550,-30.450,30.900,-2.974,-6.584,6.910,-0.005,-0.592,0.643
30.750,-30.450,32.400,-2.473,-6.407,7.156,0.130,-0.373,0.680
34.800,-27.750,35.400,-2.380,-5.878,7.278,0.369,-0.799,0.855
36.000,-25.800,36.450,-2.447,-5.552,7.606,-0.021,-0.460,0.854
36.000,-25.800,36.450,-2.456,-5.286,7.829,-0.158,-0.420,0.704
39.750,-24.150,38.250,-2.878,-5.377,7.918,-0.140,-0.473,0.671
41.100,-20.850,40.350,-2.947,-5.140,7.860,0.116,-0.398,0.523
41.100,-17.700,42.150,-2.555,-4.719,7.908,0.429,-0.653,0.475
41.100,-17.700,42.150,-2.533,-4.389,8.203,-0.181,-0.227,0.445
41.550,-16.500,42.150,-2.787,-4.836,8.135,-0.630,-0.057,0.359
40.500,-17.550,40.950,-2.950,-5.025,8.440,-0.623,-0.055,0.401
42.600,-17.400,40.050,-2.931,-5.282,7.975,-0.092,-0.243,0.471
43.350,-18.150,42.900,-2.854,-5.174,7.669,0.056,-0.235,0.429
42.600,-15.000,41.850,-2.787,-5.128,7.726,-0.087,-0.219,0.454
42.600,-12.300,42.600,-2.763,-4.853,8.270,-0.015,-0.407,0.575
46.050,-10.350,44.400,-2.454,-4.427,8.258,0.474,-0.527,0.361
43.350,-9.900,45.600,-2.959,-4.281,8.552,0.142,-0.435,0.450
42.600,-7.950,47.850,-2.734,-3.962,9.074,0.256,-0.578,0.671
38.100,-4.050,51.600,-2.456,-4.118,9.273,1.515,-2.288,0.556
31.500,5.850,59.250,-0.328,-1.834,9.888,1.519,-1.375,0.760
29.850,10.050,61.350,1.006,-0.469,9.244,1.605,-1.377,0.670
22.350,19.950,62.100,2.241,0.658,9.505,1.098,-0.735,0.728
19.500,26.700,63.150,2.504,1.432,9.486,1.148,-0.679,0.620
16.650,32.400,63.300,2.938,1.829,8.724,0.725,-0.090,0.599
17.400,33.600,62.550,2.990,2.286,8.825,0.612,-0.311,0.652
13.950,37.050,59.850,3.452,2.806,8.665,1.117,-0.795,0.618
8.850,41.550,57.450,4.073,3.318,8.272,1.236,-0.651,0.560
7.500,43.350,56.250,5.207,4.247,6.977,1.211,-0.386,0.534
3.150,51.000,53.100,5.351,4.489,6.740,0.582,0.390,0.322
5.250,50.100,51.750,5.076,4.867,6.325,-0.515,1.062,-0.143
7.500,50.400,52.050,3.582,3.814,7.774,-1.232,1.474,0.367
13.800,46.650,54.900,2.483,2.624,8.277,-2.512,2.529,0.548
21.450,36.450,59.700,0.333,0.069,9.258,-3.272,2.947,0.556
34.350,20.850,57.900,-2.210,-2.284,9.823,-2.280,1.669,0.300
38.700,18.750,56.550,-3.225,-3.919,8.765,-1.849,1.336,0.341
44.100,9.150,51.900,-3.785,-4.688,7.968,-0.906,0.176,0.470
46.050,9.150,49.650,-4.075,-4.982,7.065,-1.137,0.305,0.403
46.950,6.600,48.300,-4.403,-5.552,6.582,-1.168,1.007,0.194
51.600,2.700,43.500,-5.385,-6.376,5.902,-0.813,0.645,0.309
51.900,0.750,39.450,-6.069,-6.529,5.430,-0.382,0.268,0.350
52.500,1.650,41.100,-5.124,-5.866,4.650,-0.162,-0.448,0.667
52.950,4.050,40.800,-6.201,-6.603,6.132,-0.100,0.269,-0.325
51.900,4.650,39.000,-6.948,-5.993,5.430,0.043,-0.131,0.234
53.250,4.800,42.150,-5.619,-6.117,5.521,-0.021,-0.041,0.205
53.250,4.800,42.150,-5.282,-5.758,5.260,0.168,0.193,-0.053
52.950,6.000,38.850,-6.129,-5.646,5.562,0.112,0.076,-0.016
54.750,6.750,38.550,-5.861,-5.866,5.672,0.159,0.020,0.111
54.150,6.900,39.000,-6.239,-5.696,4.946,-0.424,1.027,0.218
54.150,6.900,39.000,-6.282,-5.289,3.924,-0.328,0.947,-0.095
59.700,5.550,31.800,-7.151,-5.578,2.895,-0.434,1.474,-0.067
61.950,3.600,22.800,-7.633,-6.366,0.965,-1.480,3.254,0.345
63.150,6.450,8.700,-9.208,-5.957,-0.065,-1.193,1.895,0.364
63.300,6.900,2.100,-7.884,-5.990,-2.368,-0.816,1.783,0.137
59.550,10.050,-6.300,-6.962,-5.064,-4.626,-0.886,2.282,0.133
56.100,10.500,-15.900,-6.931,-5.040,-5.404,-0.099,1.506,-0.085
50.100,11.250,-22.350,-5.911,-4.776,-6.651,-0.082,1.111,0.143
48.750,13.050,-23.550,-5.559,-5.057,-7.080,-0.508,1.181,0.247
43.650,15.150,-25.950,-5.519,-4.029,-7.721,-0.649,0.432,0.315
41.550,18.450,-29.250,-4.537,-4.099,-7.609,-0.148,0.948,0.240
36.900,20.100,-31.350,-4.401,-4.013,-8.780,-0.043,1.013,0.692
35.400,20.850,-33.600,-3.577,-3.967,-8.624,-0.386,0.929,1.398
29.850,25.050,-35.400,-3.409,-3.333,-8.674,-0.160,0.675,1.303
25.800,26.100,-34.650,-2.526,-2.813,-9.194,0.100,1.589,0.887
18.000,27.150,-37.050,-1.987,-2.289,-9.780,-0.041,0.696,0.938
16.200,25.050,-36.750,-1.329,-2.519,-9.503,-0.651,0.964,1.329
10.200,30.450,-36.450,-0.982,-2.229,-9.531,-0.675,1.623,0.995
1.200,31.800,-34.800,-0.144,-1.913,-10.216,-0.054,0.439,0.931
0.150,30.600,-35.100,0.479,-1.405,-10.376,-0.879,1.049,0.897
-7.950,33.150,-31.650,1.140,-0.936,-10.046,-1.431,1.385,1.002
-16.050,36.900,-25.500,2.526,0.022,-9.601,-1.216,0.519,1.397
-18.600,38.700,-21.600,3.421,0.618,-8.487,-1.273,0.168,1.468
-21.150,37.950,-19.650,3.443,1.267,-10.372,-0.959,0.125,1.166
-24.000,36.900,-19.050,3.484,1.386,-9.079,-1.097,0.586,1.030
-28.050,34.800,-14.400,4.185,2.126,-8.926,-0.779,0.652,0.748
-29.100,34.350,-12.150,4.808,2.231,-8.001,-0.360,0.383,0.496
-29.700,31.050,-12.450,4.214,2.059,-7.096,0.646,-1.846,0.993
-25.050,27.000,-22.350,0.294,-0.673,-10.779,4.002,-4.366,1.796
-10.350,15.000,-32.550,-2.782,-2.569,-9.962,1.413,-1.038,0.804
7.950,1.950,-35.400,-6.527,-4.741,-8.317,2.083,-1.970,0.698
21.900,-11.700,-28.650,-6.311,-4.508,-6.517,1.115,-1.028,0.780
26.250,-15.000,-27.000,-6.922,-4.942,-4.913,1.346,-0.937,1.057
28.950,-16.200,-22.500,-7.879,-5.341,-3.977,1.972,-1.599,0.682
40.800,-22.500,-6.750,-8.660,-5.030,-1.894,2.124,-1.559,0.762
43.800,-25.500,5.700,-8.780,-4.721,0.462,2.285,-1.392,0.560
43.800,-25.500,5.700,-9.222,-4.561,1.197,1.757,-0.745,0.345
45.750,-23.250,16.950,-8.633,-3.524,3.378,1.935,-1.090,0.009
43.950,-19.050,33.450,-8.286,-2.856,5.272,2.369,-1.346,-0.135
40.950,-14.400,45.750,-7.506,-1.903,6.091,2.160,-0.871,-0.296
40.950,-14.400,45.750,-7.221,-1.082,7.175,2.094,-0.246,-0.411
37.200,-2.700,55.050,-6.637,-0.113,7.044,2.222,-0.434,-0.679
35.850,7.200,59.400,-6.838,1.453,6.847,2.101,-0.592,-0.658
32.550,13.950,61.800,-7.108,1.767,6.847,1.393,-0.083,-0.228
32.250,16.800,61.050,-6.383,2.330,6.584,1.056,-0.461,-0.477
31.800,20.700,62.550,-6.653,2.361,6.682,0.275,0.118,-0.509
30.900,21.600,62.700,-6.630,1.877,6.572,-0.306,0.054,-0.580
30.900,18.150,62.700,-7.908,1.391,6.653,-0.837,-0.716,-0.382
27.300,15.600,64.050,-6.268,1.130,7.252,-1.517,-0.633,0.013
26.250,8.700,62.400,-5.605,0.354,8.116,-1.481,-0.023,-0.052
25.200,2.400,60.900,-5.648,-0.838,7.834,-1.315,0.060,-0.455
24.750,-3.300,57.450,-6.304,-1.846,7.659,-0.822,0.273,-0.582
26.100,-5.850,57.750,-6.139,-2.808,7.233,-0.271,0.137,-0.369
24.300,-8.100,55.800,-6.139,-3.191,7.072,-0.791,0.508,-0.459
26.250,-12.600,53.400,-6.084,-4.152,7.001,-0.637,0.599,-0.680
26.250,-15.000,51.600,-6.572,-4.875,5.590,-0.839,0.669,-0.577
27.000,-15.750,48.600,-6.759,-5.370,4.755,-1.157,1.424,-0.710
28.200,-20.850,43.350,-7.068,-5.806,4.257,-0.182,0.051,-0.375
